39.9903
39.9613
39.913
39.8454
39.7586
39.6527
39.5278
0.00967435
0.0386881
0.087013
19.0672
18.4463
19.689
20.311
20.9328
39.384
21.5537
17.827
0.154603
22.173
16.5951
24.0161
23.4049
15.9839
15.3765
24.6235
0.241391
14.7736
39.0403
38.8407
25.2264
38.6229
0.347295
14.1757
38.3871
0.472212
25.8243
13.5835
0.61602
12.9975
38.1335
26.4165
37.8623
27.0025
12.4182
1.15931
0.959738
1.37712
27.5818
37.5739
10.7267
1.61294
9.64301
10.1801
9.11592
1.86655
28.7177
29.2733
30.8841
31.4006
31.9062
30.357
8.59935
2.1377
32.4002
34.2517
34.6812
8.09382
33.8084
2.42613
35.0965
7.59981
5.31883
5.74832
4.90354
33.3518
29.8199
6.1916
4.50286
2.73157
37.2684
35.4971
4.11717
35.8828
6.64824
36.2532
36.9463
3.74684
11.2823
39.2214
3.05371
36.6078
3.39224
0.778581
32.8822
7.11779
28.1537
11.8463
22.7903
17.2097
