mydata has 1500 particles in a 3-dimensional space.
Tock registers     2.0773e-02 seconds.
0	0.01	0.01	-0.587659
1	0.01	0.02	-0.587631
2	0.01	0.03	-0.587604
3	0.01	0.04	-0.587576
4	0.01	0.05	-0.587548
5	0.01	0.06	-0.58752
6	0.01	0.07	-0.587491
7	0.01	0.08	-0.587463
8	0.01	0.09	-0.587435
9	0.01	0.1	-0.587406
10	0.01	0.11	-0.587377
11	0.01	0.12	-0.587348
12	0.01	0.13	-0.587319
13	0.01	0.14	-0.587289
14	0.01	0.15	-0.587259
15	0.01	0.16	-0.587229
16	0.01	0.17	-0.587198
17	0.01	0.18	-0.587167
18	0.01	0.19	-0.587136
19	0.01	0.2	-0.587104
20	0.01	0.21	-0.587071
21	0.01	0.22	-0.587039
22	0.01	0.23	-0.587005
23	0.01	0.24	-0.586971
24	0.01	0.25	-0.586937
25	0.01	0.26	-0.586902
26	0.01	0.27	-0.586866
27	0.01	0.28	-0.58683
28	0.01	0.29	-0.586792
29	0.01	0.3	-0.586754
30	0.01	0.31	-0.586715
31	0.01	0.32	-0.586676
32	0.01	0.33	-0.586635
33	0.01	0.34	-0.586594
34	0.01	0.35	-0.586551
35	0.01	0.36	-0.586507
36	0.01	0.37	-0.586462
37	0.01	0.38	-0.586416
38	0.01	0.39	-0.586369
39	0.01	0.4	-0.58632
40	0.01	0.41	-0.58627
41	0.01	0.42	-0.586219
42	0.01	0.43	-0.586165
43	0.01	0.44	-0.586111
44	0.01	0.45	-0.586054
45	0.01	0.46	-0.585996
46	0.01	0.47	-0.585935
47	0.01	0.48	-0.585873
48	0.01	0.49	-0.585808
49	0.01	0.5	-0.585741
50	0.01	0.51	-0.585671
51	0.01	0.52	-0.585599
52	0.01	0.53	-0.585524
53	0.01	0.54	-0.585446
54	0.01	0.55	-0.585365
55	0.01	0.56	-0.585281
56	0.01	0.57	-0.585193
57	0.01	0.58	-0.585101
58	0.01	0.59	-0.585005
59	0.01	0.6	-0.584905
60	0.01	0.61	-0.584801
61	0.01	0.62	-0.584691
62	0.01	0.63	-0.584576
63	0.01	0.64	-0.584455
64	0.01	0.65	-0.584329
65	0.01	0.66	-0.584195
66	0.01	0.67	-0.584055
67	0.01	0.68	-0.583907
68	0.01	0.69	-0.583751
69	0.01	0.7	-0.583587
70	0.01	0.71	-0.583412
71	0.01	0.72	-0.583228
72	0.01	0.73	-0.583032
73	0.01	0.74	-0.582824
74	0.01	0.75	-0.582602
75	0.01	0.76	-0.582366
76	0.01	0.77	-0.582114
77	0.01	0.78	-0.581845
78	0.01	0.79	-0.581557
79	0.01	0.8	-0.581247
80	0.01	0.81	-0.580914
81	0.01	0.82	-0.580556
82	0.01	0.83	-0.580169
83	0.01	0.84	-0.57975
84	0.01	0.85	-0.579296
85	0.01	0.86	-0.578802
86	0.01	0.87	-0.578263
87	0.01	0.88	-0.577675
88	0.01	0.89	-0.57703
89	0.01	0.9	-0.576321
90	0.01	0.91	-0.575539
91	0.01	0.92	-0.574674
92	0.01	0.93	-0.573714
93	0.01	0.94	-0.572645
94	0.01	0.95	-0.571449
95	0.01	0.96	-0.570107
96	0.01	0.97	-0.568594
97	0.01	0.98	-0.566883
98	0.01	0.99	-0.564939
99	0.01	1	-0.56272
100	0.01	1.01	-0.560177
101	0.01	1.02	-0.557248
102	0.01	1.03	-0.553861
103	0.01	1.04	-0.549929
104	0.01	1.05	-0.545347
105	0.01	1.06	-0.539996
106	0.01	1.07	-0.533748
107	0.01	1.08	-0.526495
108	0.01	1.09	-0.518196
109	0.01	1.1	-0.508996
110	0.01	1.11	-0.499499
111	0.01	1.12	-0.491332
112	0.01	1.13	-0.487869
113	0.01	1.14	-0.494089
114	0.01	1.15	-0.513838
115	0.01	1.16	-0.545778
116	0.01	1.17	-0.582584
117	0.01	1.18	-0.615365
118	0.01	1.19	-0.639548
119	0.01	1.2	-0.654842
120	0.01	1.21	-0.662286
121	0.01	1.22	-0.663561
122	0.01	1.23	-0.660872
123	0.01	1.24	-0.656077
124	0.01	1.25	-0.65034
125	0.01	1.26	-0.6444
126	0.01	1.27	-0.638706
127	0.01	1.28	-0.633477
128	0.01	1.29	-0.628783
129	0.01	1.3	-0.624613
130	0.01	1.31	-0.620933
131	0.01	1.32	-0.617686
132	0.01	1.33	-0.614809
133	0.01	1.34	-0.612243
134	0.01	1.35	-0.60994
135	0.01	1.36	-0.607865
136	0.01	1.37	-0.605989
137	0.01	1.38	-0.60429
138	0.01	1.39	-0.602745
139	0.01	1.4	-0.601335
140	0.01	1.41	-0.600046
141	0.01	1.42	-0.598862
142	0.01	1.43	-0.597771
143	0.01	1.44	-0.59676
144	0.01	1.45	-0.595819
145	0.01	1.46	-0.594937
146	0.01	1.47	-0.594107
147	0.01	1.48	-0.593321
148	0.01	1.49	-0.592572
149	0.01	1.5	-0.591855
150	0.01	1.51	-0.591166
151	0.01	1.52	-0.590503
152	0.01	1.53	-0.589864
153	0.01	1.54	-0.589246
154	0.01	1.55	-0.588648
155	0.01	1.56	-0.588071
156	0.01	1.57	-0.587513
157	0.01	1.58	-0.586977
158	0.01	1.59	-0.586464
159	0.01	1.6	-0.585977
160	0.01	1.61	-0.585521
161	0.01	1.62	-0.585101
162	0.01	1.63	-0.58472
163	0.01	1.64	-0.584382
164	0.01	1.65	-0.58409
165	0.01	1.66	-0.583852
166	0.01	1.67	-0.583676
167	0.01	1.68	-0.583578
168	0.01	1.69	-0.58357
169	0.01	1.7	-0.583665
170	0.01	1.71	-0.583867
171	0.01	1.72	-0.584167
172	0.01	1.73	-0.584545
173	0.01	1.74	-0.584984
174	0.01	1.75	-0.58547
175	0.01	1.76	-0.585997
176	0.01	1.77	-0.586558
177	0.01	1.78	-0.587141
178	0.01	1.79	-0.587727
179	0.01	1.8	-0.588287
180	0.01	1.81	-0.588793
181	0.01	1.82	-0.589226
182	0.01	1.83	-0.589579
183	0.01	1.84	-0.589859
184	0.01	1.85	-0.590082
185	0.01	1.86	-0.590263
186	0.01	1.87	-0.590415
187	0.01	1.88	-0.590546
188	0.01	1.89	-0.590662
189	0.01	1.9	-0.590761
190	0.01	1.91	-0.590833
191	0.01	1.92	-0.590871
192	0.01	1.93	-0.590867
193	0.01	1.94	-0.590818
194	0.01	1.95	-0.590729
195	0.01	1.96	-0.590608
196	0.01	1.97	-0.590463
197	0.01	1.98	-0.590306
198	0.01	1.99	-0.590146
199	0.01	2	-0.589991
200	0.01	2.01	-0.589843
201	0.01	2.02	-0.589698
202	0.01	2.03	-0.589549
203	0.01	2.04	-0.589391
204	0.01	2.05	-0.589216
205	0.01	2.06	-0.589027
206	0.01	2.07	-0.588829
207	0.01	2.08	-0.588629
208	0.01	2.09	-0.588432
209	0.01	2.1	-0.588243
210	0.01	2.11	-0.588065
211	0.01	2.12	-0.5879
212	0.01	2.13	-0.587752
213	0.01	2.14	-0.587623
214	0.01	2.15	-0.587518
215	0.01	2.16	-0.587443
216	0.01	2.17	-0.587402
217	0.01	2.18	-0.587396
218	0.01	2.19	-0.587428
219	0.01	2.2	-0.587499
220	0.01	2.21	-0.587607
221	0.01	2.22	-0.587747
222	0.01	2.23	-0.587908
223	0.01	2.24	-0.588078
224	0.01	2.25	-0.588238
225	0.01	2.26	-0.588375
226	0.01	2.27	-0.588477
227	0.01	2.28	-0.588539
228	0.01	2.29	-0.588559
229	0.01	2.3	-0.588541
230	0.01	2.31	-0.588492
231	0.01	2.32	-0.588422
232	0.01	2.33	-0.588342
233	0.01	2.34	-0.588256
234	0.01	2.35	-0.588171
235	0.01	2.36	-0.588088
236	0.01	2.37	-0.588005
237	0.01	2.38	-0.587919
238	0.01	2.39	-0.587828
239	0.01	2.4	-0.587733
240	0.01	2.41	-0.587634
241	0.01	2.42	-0.587535
242	0.01	2.43	-0.58744
243	0.01	2.44	-0.587354
244	0.01	2.45	-0.587277
245	0.01	2.46	-0.587207
246	0.01	2.47	-0.587139
247	0.01	2.48	-0.587064
248	0.01	2.49	-0.586978
249	0.01	2.5	-0.58688
250	0.01	2.51	-0.586769
251	0.01	2.52	-0.586643
252	0.01	2.53	-0.586503
253	0.01	2.54	-0.586351
254	0.01	2.55	-0.586196
255	0.01	2.56	-0.586048
256	0.01	2.57	-0.585917
257	0.01	2.58	-0.585809
258	0.01	2.59	-0.585729
259	0.01	2.6	-0.585674
260	0.01	2.61	-0.585641
261	0.01	2.62	-0.585623
262	0.01	2.63	-0.585614
263	0.01	2.64	-0.585601
264	0.01	2.65	-0.585585
265	0.01	2.66	-0.585576
266	0.01	2.67	-0.585592
267	0.01	2.68	-0.585649
268	0.01	2.69	-0.585751
269	0.01	2.7	-0.585893
270	0.01	2.71	-0.586057
271	0.01	2.72	-0.586228
272	0.01	2.73	-0.586401
273	0.01	2.74	-0.586579
274	0.01	2.75	-0.586762
275	0.01	2.76	-0.586955
276	0.01	2.77	-0.587163
277	0.01	2.78	-0.587389
278	0.01	2.79	-0.587628
279	0.01	2.8	-0.587865
280	0.01	2.81	-0.588071
281	0.01	2.82	-0.588221
282	0.01	2.83	-0.588305
283	0.01	2.84	-0.588329
284	0.01	2.85	-0.588304
285	0.01	2.86	-0.588242
286	0.01	2.87	-0.588155
287	0.01	2.88	-0.588063
288	0.01	2.89	-0.587975
289	0.01	2.9	-0.587901
290	0.01	2.91	-0.587844
291	0.01	2.92	-0.587808
292	0.01	2.93	-0.587789
293	0.01	2.94	-0.587782
294	0.01	2.95	-0.587783
295	0.01	2.96	-0.587784
296	0.01	2.97	-0.587776
297	0.01	2.98	-0.587758
298	0.01	2.99	-0.587732
299	0.01	3	-0.587699
300	0.01	3.01	-0.587662
301	0.01	3.02	-0.587621
302	0.01	3.03	-0.587575
303	0.01	3.04	-0.58753
304	0.01	3.05	-0.587494
305	0.01	3.06	-0.587474
306	0.01	3.07	-0.587472
307	0.01	3.08	-0.587485
308	0.01	3.09	-0.587508
309	0.01	3.1	-0.587533
310	0.01	3.11	-0.58755
311	0.01	3.12	-0.587554
312	0.01	3.13	-0.587557
313	0.01	3.14	-0.587572
314	0.01	3.15	-0.58761
315	0.01	3.16	-0.587671
316	0.01	3.17	-0.587752
317	0.01	3.18	-0.587846
318	0.01	3.19	-0.587942
319	0.01	3.2	-0.588032
320	0.01	3.21	-0.588114
321	0.01	3.22	-0.588189
322	0.01	3.23	-0.58826
323	0.01	3.24	-0.588326
324	0.01	3.25	-0.588382
325	0.01	3.26	-0.588428
326	0.01	3.27	-0.588459
327	0.01	3.28	-0.588476
328	0.01	3.29	-0.588481
329	0.01	3.3	-0.588474
330	0.01	3.31	-0.588449
331	0.01	3.32	-0.588409
332	0.01	3.33	-0.58836
333	0.01	3.34	-0.588312
334	0.01	3.35	-0.58827
335	0.01	3.36	-0.588233
336	0.01	3.37	-0.588188
337	0.01	3.38	-0.58812
338	0.01	3.39	-0.588025
339	0.01	3.4	-0.587903
340	0.01	3.41	-0.587759
341	0.01	3.42	-0.587603
342	0.01	3.43	-0.587442
343	0.01	3.44	-0.587283
344	0.01	3.45	-0.587132
345	0.01	3.46	-0.586986
346	0.01	3.47	-0.586845
347	0.01	3.48	-0.586708
348	0.01	3.49	-0.586575
349	0.01	3.5	-0.586449
350	0.01	3.51	-0.586338
351	0.01	3.52	-0.58625
352	0.01	3.53	-0.586188
353	0.01	3.54	-0.586149
354	0.01	3.55	-0.586125
355	0.01	3.56	-0.586107
356	0.01	3.57	-0.586085
357	0.01	3.58	-0.586058
358	0.01	3.59	-0.586025
359	0.01	3.6	-0.585996
360	0.01	3.61	-0.585982
361	0.01	3.62	-0.586005
362	0.01	3.63	-0.58608
363	0.01	3.64	-0.586213
364	0.01	3.65	-0.586392
365	0.01	3.66	-0.586593
366	0.01	3.67	-0.586794
367	0.01	3.68	-0.586984
368	0.01	3.69	-0.587156
369	0.01	3.7	-0.587307
370	0.01	3.71	-0.587439
371	0.01	3.72	-0.587558
372	0.01	3.73	-0.587656
373	0.01	3.74	-0.587724
374	0.01	3.75	-0.587762
375	0.01	3.76	-0.587777
376	0.01	3.77	-0.587777
377	0.01	3.78	-0.587772
378	0.01	3.79	-0.587773
379	0.01	3.8	-0.587787
380	0.01	3.81	-0.58781
381	0.01	3.82	-0.587836
382	0.01	3.83	-0.587859
383	0.01	3.84	-0.587882
384	0.01	3.85	-0.58791
385	0.01	3.86	-0.587949
386	0.01	3.87	-0.588004
387	0.01	3.88	-0.588078
388	0.01	3.89	-0.588167
389	0.01	3.9	-0.588264
390	0.01	3.91	-0.588352
391	0.01	3.92	-0.588416
392	0.01	3.93	-0.588448
393	0.01	3.94	-0.588446
394	0.01	3.95	-0.588413
395	0.01	3.96	-0.588354
396	0.01	3.97	-0.588276
397	0.01	3.98	-0.588183
398	0.01	3.99	-0.588078
399	0.01	4	-0.58797
400	0.01	4.01	-0.587866
401	0.01	4.02	-0.587771
402	0.01	4.03	-0.58769
403	0.01	4.04	-0.587631
404	0.01	4.05	-0.587603
405	0.01	4.06	-0.587612
406	0.01	4.07	-0.587661
407	0.01	4.08	-0.587745
408	0.01	4.09	-0.587847
409	0.01	4.1	-0.58795
410	0.01	4.11	-0.588048
411	0.01	4.12	-0.588145
412	0.01	4.13	-0.588244
413	0.01	4.14	-0.588343
414	0.01	4.15	-0.588433
415	0.01	4.16	-0.588498
416	0.01	4.17	-0.588523
417	0.01	4.18	-0.588513
418	0.01	4.19	-0.588481
419	0.01	4.2	-0.588445
420	0.01	4.21	-0.588415
421	0.01	4.22	-0.588385
422	0.01	4.23	-0.588346
423	0.01	4.24	-0.588288
424	0.01	4.25	-0.588202
425	0.01	4.26	-0.588084
426	0.01	4.27	-0.587941
427	0.01	4.28	-0.587777
428	0.01	4.29	-0.5876
429	0.01	4.3	-0.587417
430	0.01	4.31	-0.587235
431	0.01	4.32	-0.587055
432	0.01	4.33	-0.586879
433	0.01	4.34	-0.586705
434	0.01	4.35	-0.586536
435	0.01	4.36	-0.586373
436	0.01	4.37	-0.586217
437	0.01	4.38	-0.58607
438	0.01	4.39	-0.585935
439	0.01	4.4	-0.585814
440	0.01	4.41	-0.585707
441	0.01	4.42	-0.585612
442	0.01	4.43	-0.585532
443	0.01	4.44	-0.585475
444	0.01	4.45	-0.585447
445	0.01	4.46	-0.585451
446	0.01	4.47	-0.585484
447	0.01	4.48	-0.58554
448	0.01	4.49	-0.585614
449	0.01	4.5	-0.585703
450	0.01	4.51	-0.585801
451	0.01	4.52	-0.585903
452	0.01	4.53	-0.585995
453	0.01	4.54	-0.586068
454	0.01	4.55	-0.586128
455	0.01	4.56	-0.586182
456	0.01	4.57	-0.586242
457	0.01	4.58	-0.586324
458	0.01	4.59	-0.586438
459	0.01	4.6	-0.586586
460	0.01	4.61	-0.586762
461	0.01	4.62	-0.586954
462	0.01	4.63	-0.587155
463	0.01	4.64	-0.587365
464	0.01	4.65	-0.587586
465	0.01	4.66	-0.58782
466	0.01	4.67	-0.58806
467	0.01	4.68	-0.588298
468	0.01	4.69	-0.588521
469	0.01	4.7	-0.588718
470	0.01	4.71	-0.588883
471	0.01	4.72	-0.589015
472	0.01	4.73	-0.589111
473	0.01	4.74	-0.589168
474	0.01	4.75	-0.589184
475	0.01	4.76	-0.589154
476	0.01	4.77	-0.58908
477	0.01	4.78	-0.588966
478	0.01	4.79	-0.588822
479	0.01	4.8	-0.588663
480	0.01	4.81	-0.588504
481	0.01	4.82	-0.588356
482	0.01	4.83	-0.58822
483	0.01	4.84	-0.588093
484	0.01	4.85	-0.587975
485	0.01	4.86	-0.587865
486	0.01	4.87	-0.587762
487	0.01	4.88	-0.587664
488	0.01	4.89	-0.587563
489	0.01	4.9	-0.587455
490	0.01	4.91	-0.587342
491	0.01	4.92	-0.587236
492	0.01	4.93	-0.587147
493	0.01	4.94	-0.587081
494	0.01	4.95	-0.58704
495	0.01	4.96	-0.587017
496	0.01	4.97	-0.587001
497	0.01	4.98	-0.58698
498	0.01	4.99	-0.586945
499	0.01	5	-0.586887
Tock registers     1.0537e+01 seconds.
