0.16972
0.882663
0.201507
0.87651
-0.26597
0.336005
-0.363808
-0.354905
0.607351
-0.453559
-0.177293
0.484861
-0.712817
-0.311777
0.930054
-0.244581
-0.363653
0.413028
-0.916037
-0.933963
-0.0157406
0.036521
0.299609
0.34593
-0.886698
0.840996
-0.480323
-0.459532
-0.963729
0.00100103
-0.242462
0.0377798
0.844272
-0.897556
-0.309787
0.137809
0.119372
-0.0242141
0.849924
0.602704
-0.172545
-0.143105
-0.70062
-0.478539
-0.586211
0.803627
0.195797
0.471446
-0.65995
0.884018
-0.872482
-0.94967
0.960014
0.0149542
0.943959
0.365188
-0.0282049
-0.0860595
0.640669
0.939065
0.525667
-0.741931
0.969372
0.0451294
-0.648956
0.223435
0.990868
-0.829293
0.741361
-0.621301
0.440915
0.999998
0.306174
0.0676324
0.255091
-0.0729202
-0.841306
0.940372
-0.992174
-0.984558
0.561349
-0.936568
-0.653614
0.375645
-0.469073
-0.227402
-0.815222
0.571905
0.0797708
0.736975
0.997681
0.855347
0.997895
-0.0306862
-0.143211
-0.876407
0.451096
-0.994216
-0.936522
0.746461
-0.0104587
-0.996643
-0.107345
-0.078354
0.521958
-0.795119
-0.709075
-0.359011
0.64105
-0.00335359
0.689603
-0.0768639
-0.975974
0.680592
0.914026
-0.385301
-0.410044
-0.340957
-0.808451
0.668114
0.774838
-0.55404
-0.817895
-0.98243
-0.935984
0.999858
0.923221
-0.397381
0.31589
-0.384008
-0.331191
0.960894
-0.599549
0.932051
-0.49657
0.678418
-0.828666
0.95021
0.785582
-0.753095
0.0159627
-0.746218
0.819426
0.994992
-0.376747
0.718529
0.111415
0.820079
-0.540985
-0.0156514
-0.96117
-0.399723
-0.828265
-0.578756
-0.0495421
-0.550528
-0.331031
0.801323
0.105974
-0.875128
-0.742372
0.279159
0.319347
-0.543439
-0.793762
0.929877
0.962697
0.0365751
0.997487
0.990149
0.441067
0.674974
-0.407212
0.746395
-0.387902
-0.649967
0.587222
-0.17751
0.555317
-0.886016
0.435847
-0.104083
-0.52423
-0.971841
-0.154081
0.979018
-0.999507
0.916939
0.377432
0.961283
0.190226
-0.557608
-0.815672
-0.953087
0.18637
0.241318
0.756913
0.101724
-0.91274
0.977744
0.0695577
-0.12436
0.771855
-0.455015
0.75681
0.0141219
0.725696
0.801783
0.83152
-0.0457861
0.578094
-0.46727
0.667295
0.837176
0.737895
0.525107
-0.688774
-0.260911
-0.751525
0.589837
-0.995507
-0.98998
-0.999834
-0.15381
0.88306
-0.36759
0.298228
0.193232
0.0664597
0.512688
-0.489648
0.781227
0.277204
0.842978
-0.643553
0.00445595
0.343821
0.484555
-0.571431
0.504641
-0.964452
-0.573487
0.987672
0.324971
0.685882
0.848025
-0.431024
0.160583
0.685944
-0.571135
-0.28167
0.448865
-0.106489
-0.8845
0.684206
0.225957
-0.55733
0.287093
0.185472
0.910351
-0.0941078
0.917859
-0.24258
0.0677293
0.0157501
-0.574584
0.801091
-0.964103
-0.998824
-0.784576
0.176472
-0.219366
0.887876
-0.264462
0.999695
0.562216
0.529417
0.965546
-0.777515
0.519835
0.0442912
-0.653641
0.344086
-0.380456
-0.682352
0.496192
-0.375809
-0.790732
-0.594268
-0.0219491
0.930715
0.724547
-0.244541
-0.840305
-0.216441
0.999897
-0.785565
-0.332171
0.237394
-0.866686
0.822068
0.180475
-0.736544
-0.997998
0.143371
-0.0774709
0.184109
0.443059
0.957012
-0.99859
0.99489
-0.981116
0.118584
0.311656
0.376578
0.993667
0.887926
-0.0187427
-0.909032
0.049882
0.525994
0.751019
-0.343537
-0.814692
0.796018
-0.916495
-0.925531
0.993241
-0.309683
0.995341
-0.600956
0.361362
-0.207023
0.218109
0.847445
0.970195
0.986264
-0.991766
0.346796
-0.576449
-0.270079
-0.723419
-0.57303
0.708451
-0.966703
0.0951178
0.610176
0.263318
-0.993611
-0.895429
-0.710218
-0.072062
-0.975005
0.300631
-0.576341
-0.614444
-0.0701872
-0.99802
-0.834635
-0.995127
-0.997667
0.553617
-0.901051
-0.954855
0.979884
0.897624
-0.443197
-0.989015
0.28918
-0.986945
0.748267
-0.999964
-0.284723
-0.263707
-0.710567
-0.969925
0.32327
-0.416041
-0.13912
-0.647333
-0.280775
-0.931624
-0.348433
0.511306
-0.690712
-0.997125
-0.479322
-0.859542
0.776996
-0.751722
0.379494
-0.994605
-0.394802
-0.984261
-0.973386
-0.974854
-0.650005
-0.210017
0.995436
-0.910892
0.0372693
-0.935053
0.998664
0.546709
0.359826
0.6737
-0.758597
-0.882316
-0.844815
-0.413026
-0.451327
0.278878
-0.706692
0.170635
-0.184525
-0.918035
0.727411
0.99979
0.432686
0.40066
-0.0564777
0.992876
-0.0546415
0.91124
0.483042
-0.034159
0.0978077
0.628029
0.7417
0.954361
-0.70457
0.428552
-0.20632
0.551337
0.441995
0.543765
-0.303675
-0.184066
-0.653693
0.118442
0.214723
0.202527
-0.8132
-0.188777
-0.940252
0.569211
-0.853057
0.294487
0.228655
0.548962
0.799468
0.0570147
-0.320375
-0.685874
-0.138414
-0.68971
0.0328143
-0.243683
0.703884
-0.211718
0.931864
0.224512
0.794648
-0.0392146
-0.252926
0.446534
-0.851785
0.634312
-0.177126
0.139117
0.00180132
0.646295
0.999987
0.953973
-0.562262
0.944275
0.674056
0.99662
0.975201
-0.865428
-0.993712
0.770486
-0.983224
-0.248084
0.384624
0.524672
-0.975576
-0.0826032
-0.0772172
-0.319216
-0.411875
-0.72552
0.63983
-0.0630664
0.80451
0.687339
0.393129
-0.67154
0.668572
-0.798206
0.558562
-0.6251
-0.766439
0.995223
0.857275
-0.526415
-0.991887
0.303229
0.296677
0.216144
0.295347
0.704771
0.102063
-0.949398
-0.34048
-0.939759
0.614237
0.444005
-0.739812
-0.992729
0.731914
0.6921
0.532935
-0.987742
0.987572
0.959649
-0.490914
-0.993026
0.219664
0.910453
0.986012
0.225822
0.174094
-0.999974
-0.598259
0.59819
-0.892406
-0.312641
-0.985936
-0.271372
0.970759
-0.924185
-0.802056
0.959194
0.0399903
-0.33642
-0.568907
0.215308
0.0956954
-0.841468
-0.513322
-0.78578
-0.858687
0.290446
-0.564026
-0.362181
-0.71116
0.425982
0.401812
-0.32823
0.775475
-0.579
-0.0668142
0.126343
-0.871455
-0.344827
-0.923933
0.997041
0.698678
0.91322
0.999964
0.95941
0.78351
-0.247383
0.41416
0.497567
0.93983
0.937344
-0.580741
-0.175758
0.141314
-0.031399
0.0872699
-0.919872
-0.536343
0.408146
0.528761
-0.152181
0.535814
0.828965
-0.993868
-0.427227
0.437321
-0.0767657
0.410344
-0.993372
-0.964422
0.997952
0.920323
0.586689
0.0556135
-0.123364
0.824887
-0.34746
0.369445
-0.994785
0.960196
0.397697
0.306998
-0.217177
-0.467865
0.922141
0.679524
0.910499
0.646694
-0.577569
-0.460984
-0.657289
0.0541669
0.0311699
0.467521
-0.456394
0.777216
0.375172
-0.981844
-0.528133
-0.991533
-0.0610636
-0.571198
0.291512
0.237297
0.965903
0.984748
0.315018
-0.23862
-0.527206
0.708827
0.951402
0.858061
-0.326292
0.728009
0.328327
0.0236658
0.564821
0.601918
0.84721
0.264289
-0.0170255
0.633803
-0.961803
0.545069
-0.171998
-0.355175
0.456292
-0.926865
-0.489603
-0.558357
-0.17876
0.668958
0.371331
0.995365
-0.0885728
0.554697
-0.162307
-0.105904
0.988155
-0.621504
-0.0190161
0.0618501
-0.459288
0.677508
-0.737956
0.997113
-0.724244
0.253996
0.957553
0.968301
-0.914562
-0.0627331
-0.964951
0.983863
-0.74938
-0.203982
-0.298117
0.220262
-0.212457
-0.809489
-0.353565
0.748959
-0.997944
-0.557078
0.996869
0.982646
0.151949
0.192171
0.683458
-0.696512
-0.430044
0.0381243
-0.486255
0.147983
-0.489733
0.887531
-0.363578
0.6583
-0.191089
-0.999616
0.290922
-0.763753
-0.689464
0.928801
-0.935649
-0.353881
0.33086
-0.987167
-0.913918
0.534087
-0.145709
-0.328029
-0.867983
0.729387
0.649834
0.149107
-0.988981
0.318352
0.257513
-0.33236
0.402645
-0.540321
0.434082
0.944116
0.95722
0.376287
-0.561674
-0.567036
0.970723
0.993867
-0.990201
-0.629321
-0.725922
-0.296982
0.131442
0.9621
0.28298
0.75407
-0.183207
0.358203
0.047326
-0.640086
-0.195042
-0.421207
-0.925312
0.151437
-0.301634
-0.955982
-0.596628
-0.891595
-0.83301
-0.412398
0.750177
0.357054
0.791788
-0.931029
0.0355219
-0.551026
-0.0246609
-0.78542
-0.989191
-0.864065
-0.903606
0.783274
0.916747
0.446806
0.472909
-0.0712531
0.80457
-0.62443
0.988068
-0.862756
-0.292766
0.0844435
-0.844722
0.906415
0.266622
-0.0266858
0.894914
-0.911978
0.992332
0.286411
0.615377
0.542823
-0.844684
0.61214
0.995443
0.630922
0.940627
0.968507
0.48856
0.955135
-0.0221053
-0.2844
-0.795626
-0.230524
0.0555271
-0.826903
-0.934661
-0.527418
0.395676
-0.806528
-0.599083
0.237766
-0.387932
-0.53733
-0.718072
0.331913
-0.615927
0.445574
-0.881868
-0.875514
0.844922
0.605582
-0.496868
-0.297259
-0.900709
-0.984049
-0.943751
0.855012
0.196681
0.779895
0.894632
-0.978675
0.269257
-0.976655
-0.392743
-0.367972
0.215553
-0.288712
-0.894371
-0.889872
0.967881
0.55576
0.518943
0.254153
-0.787793
0.864349
-0.915723
-0.207408
0.213911
-0.878453
0.231605
0.606225
0.978606
0.166763
-0.490071
-0.885074
-0.70134
-0.349655
-0.0929095
0.943785
-0.0442805
0.103541
-0.819777
-0.026234
-0.788671
-0.769754
-0.304797
0.579819
0.157927
-0.746187
-0.999856
0.987422
-0.395918
-0.575545
0.481802
0.338628
-0.293213
0.987336
-0.0881539
-0.781118
0.950698
0.865762
0.856842
0.0477774
0.502818
-0.660009
0.529391
0.0308494
0.944321
0.483015
-0.765083
0.221676
-0.807593
0.872393
0.599136
0.0751028
-0.71279
0.99144
0.780773
-0.577757
-0.425616
-0.999767
0.758302
0.897449
0.93597
-0.161874
-0.782673
-0.353719
0.6977
0.994776
-0.335038
-0.20351
-0.99662
-0.553558
-0.968431
0.196138
-0.199694
0.429211
-0.52734
0.0256785
-0.546467
0.381969
-0.634263
0.265131
-0.964306
-0.44748
0.999669
-0.180362
0.0600826
0.406222
-0.284882
0.1823
-0.992493
-0.0263088
-0.220723
-0.0503553
-0.721383
-0.259456
0.224627
-0.638445
-0.771891
-0.744089
-0.960606
0.755386
-0.91192
-0.371783
-0.332004
-0.383122
0.760892
0.660315
0.978902
-0.95065
0.824402
0.613992
-0.463173
0.372498
-0.148001
-0.0223058
-0.660825
0.471488
0.0629659
-0.466305
-0.103446
0.984923
-0.999004
0.909764
0.999152
0.720829
0.772502
-0.588928
-0.230631
-0.0221722
0.772332
-0.300424
0.335556
0.878885
-0.979291
-0.911211
-0.926865
-0.966541
-0.0466486
-0.662207
-0.360724
-0.558377
0.750304
-0.516327
-0.0294338
0.997854
0.152411
-0.996991
0.356401
-0.684803
0.660978
0.577528
0.675695
-0.931167
-0.863369
-0.174388
0.724113
0.185962
0.266528
-0.821319
0.636742
0.310813
-0.75415
-0.226965
0.889407
0.281921
0.0734074
-0.376184
0.636592
-0.867335
0.51391
0.806411
0.21399
-0.53043
-0.969179
0.863896
-0.917267
0.896393
-0.959461
0.601466
-0.829314
0.21276
-0.609972
-0.395174
0.844374
-0.759695
0.307672
-0.497469
0.43025
0.947555
0.191325
0.698283
-0.402757
0.996223
0.800679
0.494225
0.109295
0.660613
0.430526
-0.279823
-0.175588
-0.43527
-0.366876
0.90145
-0.780147
0.297755
-0.999757
-0.7873
-0.992788
-0.121448
-0.768281
0.156071
-0.999313
0.665849
-0.0675348
0.882697
-0.692128
-0.963249
0.615197
0.235451
-0.290646
-0.999574
-0.994435
-0.0809485
-0.248323
0.974741
-0.924409
0.926609
0.986759
0.810198
0.00917081
0.693769
-0.982338
0.951838
-0.444399
-0.641924
0.789828
-0.942322
-0.263582
0.637833
-0.931352
0.336467
0.092018
-0.363319
-0.699158
0.0487798
-0.935508
-0.218055
-0.455321
-0.130631
0.877395
-0.911672
-0.924451
0.451686
-0.756589
0.974854
-0.985876
-0.246972
0.0385964
0.561257
-0.881518
0.634604
0.390604
0.984108
0.530977
0.334184
0.95513
0.866102
0.420424
0.0218256
0.999966
0.449026
-0.99921
0.0395333
0.502044
0.793305
0.191292
0.768397
0.742381
-0.910065
-0.505968
-0.947911
-0.995285
0.275821
0.18147
-0.324431
0.563327
0.668747
-0.876221
0.416988
-0.558702
0.999625
0.492521
0.901889
-0.112259
0.0178282
0.826529
0.944184
0.200021
-0.635494
0.285141
0.919062
0.999094
0.555279
-0.970305
-0.15394
0.622239
-0.115817
0.991302
0.283087
-0.805696
-0.617858
-0.0025423
-0.413932
-0.256529
0.545088
-0.334585
0.0702225
0.762928
-0.586231
0.222357
0.986403
-0.24203
0.592769
-0.331819
-0.878404
-0.22224
0.101299
-0.616412
0.764946
0.999956
-0.74213
-0.999172
-0.986145
-0.515583
-0.534449
0.630887
0.818618
-0.339665
0.58713
-0.817392
-0.825389
0.807721
0.770897
-0.0841811
0.278069
-0.991207
0.986525
0.124979
0.267596
-0.845818
0.683575
-0.645243
-0.99984
-0.736493
-0.368933
-0.238933
-0.596323
0.786596
-0.0671862
0.480969
-0.156971
-0.532444
0.810042
0.618493
-0.987101
0.48739
-0.991889
0.829674
-0.0793931
0.266459
0.333624
0.617693
0.248329
-0.351439
-0.0535811
0.8307
-0.99557
0.764925
-0.78808
-0.927563
0.992278
-0.0563
-0.307602
-0.451982
-0.0268214
0.859616
0.870508
0.789789
0.998896
0.29495
-0.0308559
-0.498743
0.721146
0.936742
-0.249058
0.307185
0.999416
-0.229757
0.967151
-0.132811
0.640761
0.97527
-0.990602
0.339872
-0.627957
-0.272658
0.0600928
0.576728
0.863713
0.894622
-0.0603585
-0.987828
-0.182969
-0.745661
0.430946
-0.265762
-0.998962
-0.520043
-0.998274
-0.160097
0.289591
-0.979854
0.114172
0.0995799
-0.201614
0.833147
-0.283668
0.479262
-0.697257
0.903787
-0.638513
0.708302
0.999544
0.50985
0.868949
-0.246686
0.509143
-0.807429
0.792391
-0.22418
0.899942
0.965414
-0.59001
-0.441939
-0.490937
0.979369
-0.725321
0.300473
-0.460201
0.991918
-0.921951
-0.560195
0.574577
0.5384
-0.26395
-0.994828
-0.549696
0.92285
-0.338069
-0.761708
-0.12559
0.222785
-0.766694
0.0273458
0.920571
0.942815
-0.0875505
-0.999861
0.26728
0.72192
0.808994
-0.537103
0.797005
-0.400708
-0.88543
0.140921
0.338162
-0.500298
-0.0313497
-0.908693
-0.00244221
0.30057
-0.979283
0.0355552
0.973454
0.349866
0.809054
0.508129
0.521438
-0.710023
0.440446
-0.963861
-0.728305
-0.632176
0.617567
0.747135
-0.7132
-0.0416853
0.986821
0.975588
0.675805
-0.0596869
-0.0927872
-0.0659418
-0.0553736
-0.875169
0.373617
-0.321765
0.731848
-0.287317
-0.753322
-0.637217
-0.2059
0.569174
-0.961786
0.774183
0.665736
-0.920707
0.731691
0.282533
0.152748
-0.411184
-0.745923
-0.511874
-0.119585
-0.907975
0.792355
-0.873581
-0.109057
-0.99439
-0.693307
0.162472
0.0415517
-0.147249
-0.709239
-0.144542
-0.97314
-0.674854
0.509884
0.130933
-0.970328
0.981783
-0.313854
0.596394
0.36006
-0.302523
-0.304635
-0.986804
0.938584
0.958363
0.664431
-0.625726
-0.810392
0.360581
0.663771
-0.088938
-0.970402
-0.31328
0.0919119
0.770665
0.971994
-0.366765
-0.490713
-0.0531024
0.195336
0.100556
0.998807
0.647893
-0.821562
0.190468
-0.59242
-0.661582
-0.987503
-0.335666
0.997854
0.966657
0.0683715
-0.540577
0.597237
0.459819
0.15619
-0.507481
-0.749241
-0.0508891
-0.809921
0.107951
-0.821496
0.013096
0.990226
0.944561
0.335344
-0.359534
0.501061
0.406618
-0.924104
0.501034
0.996755
-0.761945
0.156783
-0.725487
-0.296914
-0.484017
-0.568314
-0.0704263
-0.330875
-0.172213
-0.892629
0.878663
-0.893608
-0.911054
0.898573
-0.422589
0.960216
-0.931935
0.125793
-0.24286
0.689844
0.491331
0.998998
0.93665
-0.999277
-0.268388
0.858142
0.818051
-0.912993
-0.964424
0.85302
-0.0302301
-0.0608699
-0.755303
0.661065
0.834238
0.389245
0.873217
0.874236
0.945943
0.877637
-0.996423
-0.781295
0.11529
0.0130904
-0.0948457
0.578696
-0.995279
-0.999968
-0.766412
-0.0297313
0.843382
0.463339
-0.788957
-0.202155
0.880103
0.902763
-0.557274
-0.992916
-0.476846
-0.964078
-0.132312
-0.02814
0.778274
-0.222779
0.12488
-0.172953
-0.784175
-0.687613
0.461944
-0.334964
0.41695
0.863868
-0.958045
0.51801
-0.947657
-0.234601
-0.515796
0.727334
0.486732
-0.579005
-0.14409
-0.978323
-0.823412
-0.924722
-0.928822
0.0387394
-0.843443
0.370296
-0.740593
-0.436335
0.586899
0.755545
-0.958862
-0.739166
0.114678
0.596883
0.0465707
-0.246603
-0.138138
0.487192
0.471856
0.365184
0.828322
-0.35933
0.2772
0.102317
0.443086
-0.995397
0.0203497
-0.0209634
0.537626
0.995531
-0.350029
-0.995216
0.680811
-0.0490164
-0.750947
-0.994751
-0.00979001
-0.332626
0.980784
-0.690044
0.605269
0.615161
-0.548281
0.189533
-0.503455
0.220563
0.162805
-0.53899
0.888188
-0.667968
0.20604
0.93431
0.959942
0.386836
0.674562
-0.0797853
0.348519
0.245372
-0.91688
-0.0073615
0.69136
0.846331
-0.148852
0.0381116
-0.615563
-0.0371048
-0.993249
0.68969
0.291548
0.808296
-0.167689
-0.526132
0.274005
0.133654
-0.942897
-0.652123
-0.956322
-0.0179866
0.252271
0.717539
-0.989456
-0.347081
0.352646
-0.969423
0.120157
0.69886
-0.486216
0.846428
-0.814582
0.908287
0.299532
0.0870128
0.561459
-0.806105
0.01984
0.803121
0.0136509
0.849812
-0.0390309
-0.713953
0.992287
-0.783201
-0.0410844
-0.835319
-0.243591
0.587471
0.10005
-0.713928
0.249426
0.0744315
-0.875302
0.0597624
-0.926657
0.353697
0.693684
-0.493617
0.977384
-0.380715
-0.260563
-0.958236
-0.0607561
-0.1172
-0.28814
0.502589
0.606292
0.773446
-0.900892
0.806924
-0.57698
-0.983829
0.961374
-0.547524
0.298855
-0.87091
-0.55799
0.553437
0.0564055
0.601514
0.632827
0.904807
-0.566912
-0.765022
0.5691
-0.170056
0.31652
0.489026
0.218267
0.85521
0.725526
0.976265
-0.904181
0.935726
0.787458
0.036054
0.620316
-0.664855
0.342068
-0.762404
-0.75139
0.348192
0.64272
0.602531
-0.172397
0.99001
0.997567
0.0149729
-0.999741
-0.999973
-0.940525
0.130787
0.413634
0.276201
-0.35999
0.0812123
-0.540476
0.226509
-0.0345391
-0.489971
-0.40821
0.98879
-0.177019
-0.85952
-0.778018
0.657518
-0.28087
0.643355
0.89671
-0.0648864
-0.458111
-0.114027
-0.174569
0.49297
0.257358
-0.97221
0.914381
-0.575029
-0.97942
-0.440133
0.988479
-0.730893
0.963593
0.545777
-0.844236
-0.229557
0.975318
0.157491
0.874994
-0.995567
-0.986469
0.998858
-0.217484
-0.999959
0.609469
0.203729
0.636279
0.501968
0.998884
-0.157283
0.998031
-0.922894
-0.992834
0.925222
-0.9987
0.952864
-0.999898
0.749953
-0.0416964
0.864868
-0.790339
0.640507
0.592965
0.956658
0.767434
-0.846509
-0.669552
-0.570182
0.883479
0.958343
0.381431
0.748945
-0.298811
-0.88242
-0.592286
-0.990601
0.488531
-0.170948
0.644952
0.897389
-0.846165
-0.455335
0.248525
0.3678
0.435568
0.922951
-0.635905
-0.395628
-0.995246
-0.0843818
-0.0428543
-0.182476
-0.372139
0.855491
-0.498779
-0.501086
-0.927889
-0.919434
0.91551
0.819522
-0.719792
0.460087
0.213591
0.997251
-0.943633
0.46479
-0.9177
0.726789
-0.567942
0.175004
-0.986943
-0.41818
0.701642
-0.999432
-0.099953
-0.970524
-0.998083
-0.630087
0.137737
0.982895
-0.843421
-0.256277
0.993182
-0.999921
-0.535898
-0.269467
-0.742091
0.0148266
-0.218984
-0.504306
-0.737923
-0.989455
-0.990951
0.595879
-0.824374
-0.478306
0.957872
-0.995336
0.948045
0.462227
0.94367
-0.273935
-0.914454
0.800351
0.951523
0.949512
-0.943459
-0.482267
0.190652
-0.637538
0.962268
0.839888
0.457052
0.261683
0.729294
-0.863991
-0.700078
0.886031
0.116326
0.895716
-0.111436
0.997127
-0.232587
-0.634175
-0.849774
0.101405
0.0623511
0.126382
-0.971122
0.648471
0.836514
-0.885849
-0.0156547
-0.647071
0.562078
0.924262
-0.14451
-0.390846
0.571584
-0.428819
-0.38885
0.169181
0.319242
0.616858
-0.996305
-0.980654
0.331667
-0.594052
0.603869
0.99995
-0.329356
-0.0508418
0.366845
0.74093
-0.0273312
-0.0720713
-0.119066
0.887169
0.801984
0.517162
0.496661
0.82173
-0.923047
-0.578655
-0.0821875
-0.622161
-0.373498
-0.989568
0.906979
-0.453827
-0.490036
0.991878
0.61922
-0.218063
0.710776
-0.343655
0.734082
-0.0378029
-0.847701
-0.409769
-0.946774
0.347542
-0.185559
-0.193299
0.280505
-0.980817
-0.241123
0.946473
-0.795765
0.834631
0.217569
-0.537071
-0.71649
0.70906
0.545813
0.742319
0.48945
0.975913
-0.00893668
0.405156
0.877326
0.980987
-0.944338
-0.29299
-0.756634
-0.888209
-0.508114
0.659011
0.817536
-0.981229
-0.997742
0.460664
-0.0181511
-0.830976
0.455604
-0.989824
-0.816118
-0.630423
-0.971905
-0.407867
-0.786198
0.529399
0.0452312
0.661541
0.994434
-0.559578
0.126283
0.996837
0.0217713
0.848988
-0.966045
-0.291022
-0.733738
-0.492985
0.978644
0.945003
-0.900442
0.668154
0.601791
0.997809
0.0586925
0.56029
-0.980163
-0.715662
0.812178
0.999867
0.233112
0.91258
-0.011033
-0.959619
-0.181877
0.0316488
-0.824459
-4.91874e-05
-0.451831
-0.419327
-0.379945
0.105427
-0.927676
-0.932993
0.284631
0.395291
0.757013
-0.02953
-0.912817
-0.867521
-0.23003
-0.481826
0.339709
0.898823
0.451107
-0.846432
-0.995738
0.987231
0.0478182
-0.405794
-0.668836
0.0132404
-0.800255
0.220086
-0.874639
0.3212
-0.762465
0.90705
-0.662838
-0.853436
-0.762786
-0.7495
0.567264
0.494118
0.269641
-0.166695
0.568649
0.751919
-0.828981
-0.220879
0.235078
-0.320623
0.0277248
0.275616
0.573047
-0.523738
0.16915
0.99792
0.992108
0.998169
0.757592
0.987697
0.407432
0.491593
-0.588166
-0.822277
0.491986
0.744306
0.135635
0.893316
0.0933898
0.150857
0.999997
0.445617
-0.879161
0.976973
0.686237
-0.561332
-0.468206
-0.0072488
-0.10635
0.518111
-0.674645
-0.0665288
-0.361582
-0.400978
-0.543553
0.804377
0.267824
-0.074358
0.970966
0.675042
0.0341215
0.651748
0.393333
0.689696
-0.639378
0.438816
-0.365193
0.252511
-0.254508
-0.860542
-0.982502
0.620413
-0.280374
0.819743
0.729019
0.12358
-0.712965
-0.965094
0.496875
0.996698
0.695147
0.976145
-0.964467
0.192312
0.944559
0.295142
-0.878562
0.992994
0.601585
-0.842944
0.0324484
0.878002
-0.566651
0.504012
-0.362374
-0.7768
0.134577
0.532889
0.283531
0.973791
0.194454
0.466482
0.967059
0.528373
-0.92101
-0.806001
-0.403705
0.638474
-0.97425
-0.913754
-0.406472
0.986985
-0.173775
0.83352
-0.955617
-0.1312
-0.203814
-0.239407
-0.826703
0.693775
-0.93203
0.330703
0.57562
0.230092
0.286832
0.346477
0.825658
-0.631473
0.68572
-0.0270201
0.171234
0.144439
-0.473984
0.245306
0.269583
-0.776702
-0.73087
0.542988
0.573289
0.960481
0.38301
-0.734213
-0.255886
0.405815
-0.894289
0.0254877
0.982726
-0.973057
0.906173
-0.521319
-0.597285
0.193336
0.96792
0.74019
-0.53333
0.79294
0.308058
-0.935068
0.0787008
0.981519
0.603983
-0.170579
-0.848518
-0.0928559
-0.456358
0.18724
0.323609
-0.139204
-0.921485
-0.330546
0.915677
-0.675511
0.919519
0.459994
-0.432694
0.532927
-0.186484
0.949457
0.61775
-0.999932
0.791968
-0.0611101
0.507946
0.907926
0.329768
-0.0518577
0.85812
-0.729194
-0.798179
-0.137801
0.542953
0.617251
0.880573
0.559602
0.860961
-0.999924
0.464267
0.917158
-0.939883
0.967015
0.632311
-0.751098
-0.402187
0.471586
0.83032
0.704247
-0.696907
-0.572409
-0.608429
0.413537
-0.653659
0.996334
-0.470028
0.801625
-0.177056
-0.621504
0.157959
-0.781314
-0.996997
-0.635289
-0.610821
-0.998419
0.215954
-0.452122
-0.910403
0.202555
0.0148345
0.514814
0.495452
0.720603
0.236536
-0.593018
-0.996341
0.809412
0.857898
0.320749
-0.177278
0.278888
-0.794071
-0.112298
-0.641586
-0.4355
-0.712328
-0.996524
0.271549
-0.738629
0.979186
0.845126
0.263874
0.835888
0.999147
0.585725
-0.424173
-0.595092
-0.652607
0.337244
0.992705
-0.361177
-0.361936
-0.499522
-0.168302
0.920471
-0.841695
-0.525142
-0.661604
-0.997058
-0.359811
-0.660909
-0.238689
0.392602
-0.996362
0.749078
0.299638
-0.999599
0.940667
0.361604
0.971672
0.729122
-0.625454
-0.276861
0.477043
-0.519915
0.479417
-0.527538
-0.339474
-0.499032
-0.637306
-0.204142
0.995465
0.952112
0.953448
-0.961884
-0.278099
0.216226
0.673932
-0.70846
-0.999951
-0.300209
-0.342618
-0.792906
0.327319
0.988552
-0.224909
0.181521
0.264652
-0.117891
-0.266407
-0.0609497
-0.0658192
-0.950704
-0.466712
-0.349365
0.872433
0.0461911
0.959006
-0.606808
0.940352
0.999529
0.0417542
-0.945833
0.609383
-0.987237
-0.253893
0.0977677
0.590833
0.582896
0.994019
0.0579649
-0.985454
-0.603896
-0.124019
-0.646009
-0.0754962
0.842268
0.964756
-0.227157
-0.372472
0.890549
0.576493
-0.173498
0.0682915
0.0739857
-0.317939
0.710426
-0.0210819
-0.260697
0.232309
-0.993979
-0.999946
-0.993935
0.776232
-0.654117
0.102898
-0.757458
0.731976
0.271294
0.961626
-0.462979
-0.820929
0.75175
0.441973
0.483058
-0.641837
0.16684
-0.601293
-0.659835
0.347208
0.0609516
0.361398
0.803882
0.0690107
0.27214
0.619563
-0.103324
-0.717524
0.69342
0.755717
-0.985039
0.387021
-0.265655
-0.97178
0.955739
0.989721
0.0270471
0.183709
0.665347
-0.999948
-0.983353
-0.959686
0.0969948
-0.792698
-0.971692
0.988155
-0.904979
-0.979925
0.991468
0.984744
-0.866164
-0.983542
-0.660545
-0.319036
0.19605
-0.240645
0.0903943
-0.87791
0.635037
0.392741
-0.0130066
0.488611
0.508131
0.626495
0.0605383
0.954785
0.8617
0.772668
-0.248744
0.147371
0.851999
0.991288
-0.441718
-0.604406
-0.67617
0.898078
-0.344278
0.926709
-0.109615
0.629985
-0.701214
0.391044
0.974009
-0.500828
0.988786
0.248202
0.979732
0.161211
0.80907
0.849515
0.748747
0.548257
0.366428
-0.479979
0.361019
0.878583
0.399853
-0.834297
0.675315
0.727806
0.576776
0.926676
-0.851083
0.294014
0.434979
-0.986823
-0.816786
-0.704447
-0.850885
0.919561
0.613131
-0.4494
-0.658398
0.278219
-0.968608
-0.726341
-0.714207
0.999366
0.495151
-0.847974
-0.193188
-0.346324
0.876462
0.269973
0.96289
-0.860885
0.999086
-0.330254
0.499295
0.05725
0.949511
-0.658718
-0.902393
-0.461401
0.481829
-0.323839
0.369674
0.869873
0.261783
-0.860298
-0.180934
-0.483289
-0.989148
-0.444097
-0.990529
-0.280459
0.565012
-0.884941
0.999999
-0.0137456
0.957016
-0.869223
-0.756077
0.938761
0.319302
-0.460417
0.525853
-0.775898
0.985854
-0.447885
0.145573
0.990945
-0.152731
0.233789
0.682531
0.432683
0.17414
-0.986099
0.855694
0.527007
0.332591
0.672806
0.149965
0.350432
-0.715322
0.98231
0.813696
0.884254
0.115626
0.313644
0.83138
-0.988678
-0.061348
-0.989456
-0.82322
0.850947
-0.574001
0.34047
0.650756
0.501863
-0.809953
0.207676
0.993722
-0.12717
-0.620063
0.119958
-0.591917
0.35074
-0.0387115
-0.995907
0.360182
0.0231195
0.244427
0.263638
0.997808
-0.539191
0.631812
-0.153966
-0.999921
0.282571
-0.807262
-0.568351
-0.650137
0.970525
0.902137
0.866099
-0.606968
-0.326684
0.913774
-0.514667
0.298751
-0.579118
0.457208
0.292258
-0.362058
-0.346703
0.920343
-0.215532
0.851995
0.961126
-0.647496
0.673367
0.910811
0.205386
-0.616491
0.999985
0.96926
-0.0198552
-0.416863
0.950684
-0.629776
-0.921456
0.859787
0.366431
-0.748216
0.741988
-0.611153
-0.997625
0.999977
-0.782435
0.425446
0.374735
0.513936
-0.401774
-0.280538
-0.587563
-0.999998
-0.527324
-0.893151
0.27343
-0.7617
0.656275
-0.173289
-0.364173
-0.812589
0.484661
-0.989435
-0.655685
-0.0277281
-0.992645
-0.846767
-0.999985
-0.707474
-0.945517
-0.949854
-0.0328748
-0.946196
0.50103
0.135894
-0.942285
-0.196406
-0.67598
-0.699668
0.468285
-0.192803
0.777867
0.926233
0.0475242
0.858097
0.974318
0.938902
-0.281919
0.73647
0.401177
0.689002
-0.036138
-0.49525
0.230538
-0.802917
0.941341
-0.437513
0.519114
0.248012
0.82725
-0.666557
-0.690934
0.925362
-0.756683
-0.398708
0.357472
0.120223
0.245877
0.433245
0.655368
-0.363247
0.26286
-0.22064
-0.278818
-0.999981
0.225959
-0.918907
-0.570345
0.0330704
-0.993131
0.403217
0.0235517
-0.857541
-0.641481
0.190863
0.803216
0.777317
0.616098
0.811085
-0.447279
0.972991
-0.876308
-0.8725
0.618564
0.77746
-0.959644
-0.434701
0.995172
-0.430145
0.951024
0.583151
0.220778
-0.449011
-0.433446
-0.574469
0.741333
0.657247
0.789947
-0.876894
-0.245061
0.596486
-0.516481
-0.078647
-0.611545
0.226074
0.587536
-0.53772
-0.0158477
0.360415
-0.476323
-0.0924412
0.967486
0.404209
0.78457
-0.708775
0.946137
0.385557
-0.496625
0.759139
-0.983743
-0.995539
-0.846465
-0.242349
0.105513
-0.957233
0.175041
-0.10505
-0.466903
0.5288
-0.717147
-0.982979
-0.472399
-0.994998
-0.681084
-0.149847
0.723528
-0.270529
-0.93635
-0.615758
-0.528243
-0.969948
-0.08831
-0.994487
-0.962174
0.967225
0.636736
0.937988
-0.663114
-0.255738
-0.848939
0.811703
-0.436918
-0.196809
0.764856
0.41739
0.871687
-0.990851
-0.565048
0.455552
-0.87102
0.113648
-0.967813
0.980237
0.598426
-0.709282
-0.455954
0.848816
0.0812808
0.698176
0.813266
-0.894509
-0.84122
0.911748
-0.667074
-0.974354
-0.92349
-0.997882
0.594213
-0.232117
0.796999
-0.0183459
0.212429
-0.891458
0.76502
-0.439384
-0.577832
-0.91764
0.924971
-0.910275
-0.41145
-0.783306
-0.816792
-0.983105
-0.0809937
-0.801726
0.571732
0.998757
0.717115
-0.443105
-0.103473
0.765841
-0.0302934
-0.737076
-0.894984
0.553439
0.735959
0.695233
0.997004
0.904073
0.973526
0.102306
-0.432573
-0.933234
-0.0952148
0.696966
-0.561423
-0.86794
0.592248
0.56328
0.29537
0.169133
0.287689
-0.508874
0.741959
-0.555215
0.260393
0.857345
-0.981035
-0.991502
-0.885763
0.616891
-0.739632
-0.0921049
0.172284
-0.988808
-0.735985
0.529937
0.758152
0.666045
-0.403674
0.999719
-0.973015
0.672232
-0.433856
0.927655
0.13049
0.384857
0.324132
-0.293933
0.520311
0.959055
0.239223
-0.244721
-0.760233
0.0250504
-0.979608
0.760467
0.986367
-0.748327
-0.00178447
-0.224952
0.971012
1
-0.966503
0.208026
0.943649
-0.861603
-0.73111
-0.118712
-0.0189879
-0.743307
0.954751
0.677156
-0.945579
-0.990109
0.0405502
0.292969
-0.466224
0.97736
-0.650276
-0.503957
-0.359159
0.382243
-0.113978
-0.993139
0.236115
-0.574062
-0.771637
0.0658042
0.203849
-0.830617
0.904772
-0.783227
0.416917
-0.913209
-0.929515
-0.98647
0.122332
0.0893553
-0.104054
0.373939
0.265221
-0.342903
-0.801336
0.39029
-0.963722
-0.402117
0.334694
0.959337
0.702519
0.61476
0.421131
-0.340286
-0.634687
-0.724657
-0.424239
-0.358646
-0.138446
0.724742
0.753784
-0.471849
0.214255
0.703558
0.186769
0.812173
-0.331229
0.671555
0.624887
0.930881
-0.119165
0.348634
0.411917
0.999782
0.930866
0.137333
-0.285514
0.996455
0.355828
0.988467
0.925846
0.971008
0.138099
0.0803854
-0.983549
0.602313
0.648021
-0.932364
-0.155074
-0.939325
-0.171619
0.999553
0.264957
0.20699
0.827857
-0.720863
-0.0158915
0.210117
-0.776291
-0.601087
-0.894966
0.96379
0.993912
-0.593245
0.410215
-0.0188134
-0.959772
-0.776593
0.718678
0.422679
0.998217
0.664948
-0.270101
0.0944352
-0.931236
-0.861507
-0.693689
-0.646656
-0.320214
-0.960443
0.983717
-0.873695
-0.408905
0.807691
-0.801513
0.946711
-0.322851
0.523624
-0.51284
-0.255967
0.257782
0.397049
-0.736006
0.649022
0.681385
0.503263
-0.741616
-0.147855
-0.0802454
0.593399
0.621347
0.0475055
0.985903
0.990261
0.228516
-0.9816
0.787435
0.437321
0.55298
-0.773237
-0.429834
0.135474
0.824096
0.966317
0.78056
-0.662455
0.866597
0.753024
0.240361
0.819953
-0.812731
-0.113351
0.454409
-0.973837
-0.994591
-0.896128
-0.408381
-0.160127
-0.999936
-0.548664
0.359023
0.822582
-0.839917
-0.345539
0.0964595
-0.21203
-0.911998
0.310641
-0.884239
0.173519
0.0877194
0.446213
0.204311
0.912278
-0.276528
0.87117
0.805072
-0.988518
0.195283
0.572865
-0.0579998
0.482156
-0.653065
-0.972098
-0.751091
-0.278361
0.891072
-0.280305
-0.582923
0.81575
0.769157
-0.260625
-0.272245
0.131717
-0.954267
0.990379
-0.987895
0.688806
0.156851
0.996028
0.322598
-0.0163084
0.182042
0.170882
-0.99597
-0.206739
-0.27222
0.160575
-0.129402
-0.37404
0.360665
0.615744
-0.990728
-0.99802
0.829629
-0.417909
-0.629994
-0.997219
0.566971
-0.258134
-0.307907
-0.243266
0.966365
0.711911
0.996794
0.0466268
-0.853326
0.607364
-0.295109
0.642689
0.582685
0.236888
-0.259338
0.936728
-0.302776
0.963244
-0.723195
0.485198
0.987333
-0.104938
-0.482655
0.445249
0.558066
0.996658
-0.672218
-0.648955
-0.795224
0.995071
0.627432
-0.044734
0.937019
0.0837763
-0.330247
0.458843
0.40632
0.803103
0.999923
0.955326
-0.939265
0.729479
0.966698
-0.335805
-0.911651
-0.660746
0.266368
0.822189
0.886488
-0.385306
-0.241269
0.29362
-0.0279313
-0.98213
0.752615
-0.955902
0.572682
0.212289
-0.075079
-0.852405
-0.940334
0.494525
-0.0906027
0.31438
0.475383
-0.639606
0.0380078
0.0133571
-0.0851612
0.985503
0.472615
0.996351
-0.620629
0.993006
0.600587
0.103974
0.551518
-0.324624
0.183863
0.898108
-0.744156
0.919695
-0.991794
-0.70959
-0.999877
0.423074
0.831744
-0.549798
0.438564
-0.423291
0.664346
-0.478585
-0.999136
0.999369
0.0996612
-0.222952
-0.99565
-0.117174
0.436681
-0.789672
-0.0834992
-0.845411
0.436234
-0.203984
0.37472
-0.884735
-0.816248
0.886614
-0.729828
-0.264894
-0.317696
0.905387
-0.999267
0.512592
-0.598417
-0.354175
0.622623
0.188262
-0.313626
-0.852408
-0.830614
-0.546371
-0.984727
0.567758
-0.991189
0.704553
0.306666
-0.970775
-0.303649
-0.520056
0.0587426
-0.444646
0.143795
-0.12729
-0.864222
0.27428
-0.419488
0.863252
-0.929678
-0.811565
-0.822271
-0.975403
-0.58897
0.44095
0.225564
-0.635976
-0.999509
0.814477
0.986593
0.936597
-0.821474
0.536091
0.81081
0.987975
-0.804129
0.991627
-0.790036
0.103694
-0.622006
0.925503
-0.730895
0.994693
0.953228
0.236862
-0.0465998
0.187462
0.975146
0.929078
-0.110152
-0.997928
0.0227008
-0.218052
-0.730029
0.94228
0.650684
0.976612
-0.940681
-0.440731
-0.423718
0.168942
0.973172
0.833892
-0.294839
-0.522262
-0.95779
0.445871
-0.805752
-0.351122
-0.895205
-0.00851924
-0.907616
-0.742595
0.261133
-0.332151
-0.571666
-0.970233
-0.373914
0.362943
-0.999887
-0.503721
0.0793569
0.191088
-0.303725
-0.794102
0.606243
0.99116
-0.835949
0.209438
-0.0993334
0.912892
0.827201
0.679831
0.0233211
-0.330035
0.991295
0.979354
-0.0662755
-0.979167
0.630934
0.83856
-0.351471
0.998163
-0.66826
0.769762
0.192682
0.774926
-0.794409
-0.179215
-0.99277
0.131649
0.618971
0.118816
-0.9953
-0.248369
0.974582
0.781445
-0.994345
-0.999875
0.624392
0.251675
0.69179
0.270929
-0.851353
0.342092
-0.247353
-0.922974
0.340806
-0.505917
0.91196
-0.998935
-0.873676
0.674261
0.919352
0.0520284
0.355133
0.0096725
-0.746755
0.998634
0.987863
0.998634
0.329961
-0.996096
-0.387527
-0.998127
0.990833
0.865608
-0.265742
0.820182
-0.980359
0.99331
0.834185
0.06937
-0.91607
-0.0991778
0.669149
0.736881
0.303356
-0.908315
-0.994065
-0.0425955
-0.615581
0.30879
-0.59622
-0.366062
0.860215
-0.607195
0.678544
-0.938323
0.982055
-0.108086
0.0712903
0.469815
0.503902
0.874019
-0.889973
0.536019
-0.090963
-0.194612
-0.381147
0.973591
-0.10376
0.989486
-0.600419
0.228688
-0.798542
-0.999482
0.0153963
0.872341
0.898423
-0.424769
0.993146
-0.999775
-0.529905
-0.991188
-0.677846
0.883007
-0.930211
-0.656713
0.354272
0.0585113
0.47712
0.765287
-0.993049
-0.902524
0.00523123
-0.951719
-0.841021
0.385636
-0.965639
0.637519
-0.956467
0.837447
0.345261
-0.452872
0.874225
0.352657
0.265488
-0.868274
0.961499
0.390762
-0.477326
0.376657
-0.705164
0.309502
0.121651
0.876689
0.360143
-0.0350035
-0.00778374
0.52882
-0.372816
0.216162
-0.372929
-0.802801
-0.287722
-0.830777
-0.182215
0.995158
-0.497698
0.680819
-0.0508327
0.376575
-0.848282
-0.674611
0.997787
-0.957694
-0.554154
0.880336
0.29209
-0.886941
0.96998
-0.00387246
-0.0483605
0.56735
0.110697
0.644553
0.543585
-0.951048
-0.827406
-0.532069
0.662195
0.947798
0.46574
-0.317497
-0.869922
-0.372523
-0.97697
0.217603
-0.686982
-0.993101
-0.043972
0.400927
0.997221
-0.220034
-0.0097283
-0.308715
0.956198
-0.287657
0.588418
0.890876
-0.486574
0.400275
-0.421914
0.281472
0.550429
0.796031
0.167842
-0.358775
0.992096
0.591481
-0.655636
-0.766535
0.218836
0.222923
-0.694913
0.125304
0.136061
0.989199
-0.453031
0.880083
0.962629
0.992079
0.805715
0.969205
-0.794159
0.846615
0.0112624
-0.252765
0.280628
-0.938643
-0.932041
0.153764
-0.753362
0.185541
0.499238
0.118748
0.609736
-0.876665
-0.0788186
-0.987355
-0.882752
-0.346238
0.97301
-0.600033
0.0974021
0.135532
0.688053
-0.638378
-0.654859
0.195692
-0.946198
-0.128404
-0.768532
-0.666148
0.999733
-0.473514
-0.86866
0.514097
-0.99998
0.19088
-0.0551954
-0.896582
-0.742806
-0.978676
-0.968197
0.180912
-0.138632
-0.703526
-0.845115
-0.975121
-0.626633
0.517926
0.999824
0.941477
0.99915
-0.393464
-0.00966367
0.343969
-0.61612
0.670571
0.639766
0.782352
0.520938
-0.585533
0.640889
0.998788
-0.0845824
0.819652
-0.437903
-0.25615
0.236467
-0.893847
0.660038
0.752861
0.94648
-0.064678
-0.537037
0.999454
0.0985554
-0.808437
0.991358
0.002467
0.775598
-0.863875
-0.11308
0.927699
0.358896
-0.99596
-0.0592014
-0.167981
-0.377614
-0.812576
-0.664741
-0.183267
-0.55126
-0.975513
-0.999381
-0.73647
0.653458
-0.318607
0.948587
-0.886704
-0.949978
0.602498
0.0413812
0.141757
-0.311764
-0.36272
-0.495236
-0.665061
0.935318
0.99995
0.379458
-0.966416
-0.562833
0.867688
-0.0580746
-0.480633
0.63795
0.714474
0.254462
-0.212515
-0.789157
-0.91202
-0.474038
-0.392268
-0.97884
0.126362
0.156787
0.0591706
-0.435117
0.387492
-0.143701
0.868366
0.117078
0.743907
-0.814842
-0.996629
-0.559669
-0.522427
-0.662305
-0.140124
0.0563241
0.75627
-0.556161
-0.278555
0.757757
-0.909959
0.976972
0.0162517
-0.263169
0.947177
-0.592096
0.460341
-0.210908
-0.917787
0.422146
-0.558144
0.84985
-0.798251
0.216774
-0.929352
0.210981
-0.226711
0.120964
-0.0407381
-0.666402
-0.0899874
-0.758646
0.897751
0.216645
-0.94854
0.815207
-0.928383
-0.337935
-0.164166
0.184185
-0.438502
0.486842
-0.223842
-0.341833
0.974329
0.321794
0.661992
-0.847914
0.268356
0.419073
-0.946031
-0.827072
0.194282
-0.815191
-0.953417
0.1758
-0.636364
-0.95739
0.0241334
-0.375342
0.580671
-0.982581
0.81552
-0.889459
0.280288
0.994356
-0.747889
-0.837427
-0.377863
0.170452
0.170229
-0.999089
0.711155
0.710848
0.52797
0.0948573
-0.218778
-0.893991
-0.219478
0.791007
-0.881292
-0.49997
-0.170688
-0.907589
0.415003
0.109803
-0.482887
0.385571
-0.468482
-0.229568
-0.638117
-0.968925
0.225429
0.020806
-0.674359
-0.373557
-0.285124
-0.998148
-0.983498
-0.375648
-0.99895
0.852815
-0.986814
0.711623
-0.897011
-0.5319
0.916421
-0.696162
-0.994418
-0.915498
0.298404
0.974965
0.965865
-0.992386
0.172278
0.918971
-0.399342
0.709594
0.0271237
-0.983768
-0.403321
-0.999882
-0.462421
-0.992232
-0.725242
0.735942
-0.252058
0.848703
0.604279
0.565233
0.491276
0.114373
-0.214325
0.599503
-0.221592
-0.569031
0.978061
-0.999306
0.295487
-0.0761522
-0.677233
-0.321248
0.0366935
0.268159
-0.182133
0.941518
0.327049
-0.989772
0.640477
0.938743
-0.239209
0.469104
0.21238
-0.481439
-0.33386
-0.904256
0.880563
0.121398
-0.400958
0.898994
-0.462383
-0.50257
-0.476964
-0.856762
-0.269237
0.98278
0.970685
0.03248
0.792839
0.305875
0.980534
0.0749611
-0.955351
0.355168
0.955852
-0.257789
0.887409
-0.679839
0.808833
-0.788192
-0.0245373
0.996533
-0.579994
-0.742473
0.589157
0.919477
-0.296048
-0.864424
0.18393
0.658826
0.794499
-0.156505
-0.610993
-0.400539
-0.722952
-0.00917723
0.586449
0.549556
0.954571
-0.554896
0.523012
-0.982078
-0.999334
-0.150518
-0.404776
-0.84816
0.988948
0.855141
0.302517
-0.539986
0.95843
0.315161
0.682862
-0.991333
0.46556
0.49499
-0.503004
-0.874633
0.979628
0.64418
0.335767
-0.979174
-0.0477857
-0.107856
-0.579211
-0.76264
0.71504
-0.99662
0.222265
0.501404
0.353074
0.943145
-0.61504
-0.98582
-0.265521
0.699713
0.265533
-0.319127
-0.996029
-0.735348
-0.511741
0.999238
0.894451
-0.304125
0.848837
-0.0641622
0.443658
0.0305694
0.441352
-0.661357
-0.842274
0.578069
0.0892582
0.563811
-0.706715
0.931891
-0.151155
0.927738
-0.67633
-0.462221
-0.123861
-0.402352
-0.0778495
0.56825
0.201956
-0.618608
-0.853403
0.178292
0.990302
-0.911753
0.743855
-0.337607
-0.421597
-0.803868
0.929447
0.770501
-0.00679513
-0.675752
0.819725
-0.548915
-0.827949
0.605783
-0.511826
0.0679433
-0.219834
-0.988928
0.669657
-0.948586
0.857923
-0.782481
0.844644
0.298953
0.812859
0.585716
-0.463577
0.641467
0.175704
-0.825233
-0.974397
-0.983245
-0.283461
-0.516457
-0.851007
0.81093
-0.0305408
-0.985881
0.32214
-0.695879
-0.521351
-0.62999
0.0279756
-0.86969
0.307049
0.998935
0.170044
0.790288
-0.174903
0.929298
0.481762
-0.999928
-0.714317
-0.636663
-0.137097
-0.922542
-0.910102
-0.598908
-0.83453
0.767745
0.106386
-0.772826
-0.950814
-0.143105
-0.358248
0.790307
-0.229133
0.771967
0.563127
0.864164
0.333737
0.157719
0.222764
-0.812849
0.496171
-0.832752
-0.292505
0.594821
0.198477
-0.61908
0.360379
0.997841
-0.366662
-0.999826
0.508935
0.330686
-0.318235
0.105759
-0.882257
-0.593366
-0.827092
-0.157652
0.886004
0.831614
-0.0269211
-0.25977
-0.350501
-0.315734
0.820332
0.990931
0.507382
-0.979388
0.854288
0.635105
0.884185
-0.89939
-0.663217
-0.0447008
-0.470573
0.992074
-0.473749
0.0365423
-0.930272
0.921236
0.390416
0.0228658
0.95644
-0.750942
0.698053
0.665804
-0.662915
-0.69135
-0.781779
0.931123
-0.483559
-0.652226
0.280054
-0.0822304
0.527254
0.443373
-0.873813
0.59962
-0.707939
-0.824176
-0.403001
0.915891
-0.995855
0.821417
-0.0208016
0.929332
-0.278298
0.414957
0.57853
0.742706
-0.243116
0.226147
0.557099
0.932443
0.727969
0.674299
-0.616339
-0.355252
-0.582067
0.296599
0.90837
0.758404
-0.788075
0.205814
0.762973
-0.148327
0.0772453
0.379753
0.520569
0.377311
-0.982546
0.915164
0.141042
0.857988
0.876076
-0.391374
-0.806281
-0.967726
0.985087
0.990753
-0.981872
0.440552
-0.982902
-0.089931
-0.320082
0.639079
0.917079
-0.335642
0.950888
-0.567801
-0.282547
0.967808
0.66449
-0.177368
0.817787
-0.999698
0.998967
-0.819885
0.808492
-0.0786267
0.883769
-0.999973
0.928302
-0.491529
0.612794
0.434796
0.434273
-0.798641
-0.993327
0.199136
0.275077
0.676096
0.538984
-0.958505
-0.140501
0.453726
0.356927
-0.492546
0.94835
-0.712039
0.953014
0.485087
-0.776813
-0.681548
0.285611
0.563212
-0.984859
-0.608615
-0.925303
0.874118
-0.989728
-0.864272
-0.180908
-0.659369
-0.745509
-0.906798
0.602977
0.988534
0.93753
-0.399628
0.465283
0.618007
0.71882
-0.855525
-0.783764
-0.043893
0.356237
0.263168
0.46082
0.31987
-0.0810008
0.252733
-0.941084
-0.193008
0.394733
0.923135
0.94192
-0.993243
0.000358258
-0.903145
-0.34488
-0.314331
-0.838743
0.960871
-0.937009
-0.568469
-0.628113
0.871265
-0.409907
0.848155
0.539671
-0.188547
-0.861196
-0.115618
-0.0324261
-0.725366
0.551042
0.461918
-0.900746
0.407258
0.152799
-0.884812
0.301657
0.482263
0.947111
-0.983024
-0.999526
0.706828
0.0917375
-0.610361
0.834384
-0.486774
0.339363
0.88063
0.355178
0.240584
-0.553917
-0.249298
0.999961
-0.208678
0.0116853
0.314694
-0.999665
0.164598
-0.242411
0.135316
0.123071
-0.407344
0.681943
0.527254
-0.299057
-0.0544087
-0.853549
0.525074
0.965378
-0.25399
0.953332
0.919869
-0.324733
-0.669647
0.999262
-0.0811085
-0.560189
-0.0981744
-0.891624
-0.512558
-0.478387
-0.578724
-0.190777
-0.857043
0.367843
-0.880229
-0.098986
0.093923
0.394838
0.866519
0.907866
0.586045
-0.896766
0.733395
-0.816428
0.945955
-1
0.384485
-0.834162
0.796382
0.582826
-0.265639
-0.976361
-0.860687
-0.434845
0.406647
0.038662
0.962756
-0.970626
0.818756
-0.445096
0.0247003
0.235565
0.249181
0.924745
0.60774
-0.689165
0.397813
0.0816535
0.627727
0.702488
0.281274
0.955874
-0.808803
0.0976279
-0.197386
0.546845
-0.995405
-0.655114
0.984349
0.328648
-0.652497
-0.404874
-0.924419
-0.557739
-0.0296593
-0.942901
-0.822007
0.142695
-0.921075
-0.164423
-0.1537
0.627249
-0.896916
0.325737
0.691784
0.952261
0.922241
0.151623
0.993015
-0.218526
-0.352966
-0.932953
0.677232
-0.773023
-0.209339
-0.5117
-0.689271
0.221442
0.0601094
0.0723947
0.533294
-0.0832218
-0.692381
-0.516625
0.948104
-0.0583803
-0.980332
-0.031073
0.991111
0.877781
-0.94664
0.999862
0.858547
0.00515021
-0.828458
-0.747111
-0.727991
-0.994985
0.915704
0.941064
-0.853349
-0.326237
0.999817
0.521432
0.663389
0.959041
0.221032
0.275599
-0.962023
0.87269
-0.992276
0.40569
-0.215492
-0.447564
-0.353459
-0.583569
-0.641691
-0.901198
0.96223
0.956334
-0.998839
-0.995776
-0.66773
-0.57956
-0.605187
0.805739
0.995977
0.184636
-0.95495
-0.831376
0.934511
-0.512897
-0.245014
0.988742
0.603763
-0.812478
0.0319923
0.248321
0.435731
-0.0191077
0.51989
0.80266
-0.71426
-0.794509
0.193872
-0.245342
-0.997475
0.731433
-0.0689277
0.73541
0.999593
0.149896
-0.719393
-0.974973
-0.58407
-0.986976
-0.997777
0.900784
0.366643
0.277969
-0.0437898
-0.410655
0.691445
-0.583517
0.513541
-0.806431
0.418131
0.198177
0.555419
-0.668834
-0.438598
0.195545
0.479027
0.211709
-0.0189822
-0.983021
0.506105
0.0728023
0.557593
-0.322685
-0.105757
0.828484
0.998713
-0.376717
0.61692
0.388205
0.392148
-0.840371
-0.5024
-0.844143
0.145075
-0.282757
0.986218
-0.912955
-0.181343
-0.149638
-0.586945
0.0387871
0.613649
0.99696
0.248835
0.087306
0.824006
0.160374
0.477908
0.825369
0.999964
0.665369
0.828497
0.121394
0.294102
0.0817241
0.0853793
0.00114375
9.95041e-05
-0.217419
-0.779992
-0.853541
0.995845
0.842194
-0.130915
-0.952276
-0.593007
-0.916897
0.0752927
0.0622849
-0.9081
-0.999475
-0.0531184
-0.575088
0.987811
-0.724761
-0.973431
0.11184
0.138032
0.865331
-0.807946
-0.78987
0.330547
0.983831
-0.000884921
0.606068
0.196487
-0.352974
0.493081
-0.577811
0.79408
0.355356
-0.00992468
0.187198
-0.93308
-0.691508
-0.883861
-0.188611
-0.963185
-0.399204
0.950744
-0.748177
-0.927072
0.673962
0.17307
-0.993251
0.484717
-0.193932
-0.274917
-0.985477
-0.794608
0.993901
0.00521084
-0.126778
-0.955896
-0.999916
-0.912732
0.26191
0.307453
0.127617
0.794601
-0.586259
-0.820963
-0.0521688
0.653918
0.272344
0.200573
-0.978913
-0.32799
-0.498354
-0.14247
0.616819
0.873859
-0.851218
0.998278
0.161775
0.457266
0.0491967
-0.452131
-0.44737
0.167991
-0.0699313
0.554037
-0.997633
-0.45561
-0.0628563
0.970489
-0.950613
0.515209
0.997407
-0.986309
-0.886154
0.746721
0.565081
-0.661209
-0.529899
0.717805
0.969885
0.133659
0.918092
-0.0312315
0.997438
-0.111037
0.793813
-0.666102
0.472897
0.397944
0.0691676
0.999932
0.935567
-0.803294
0.0838145
0.979289
-0.0376625
-0.620614
0.997028
-0.0912538
0.111697
0.778532
-0.602682
-0.995328
-0.347606
0.801603
-0.121437
-0.383667
-0.489503
-0.902485
0.654199
0.21318
-0.216878
0.588461
0.197594
0.979501
0.889361
0.916643
-0.188749
0.191348
-0.378627
0.799563
-0.0639466
-0.284479
-0.75994
-0.966743
0.908158
-0.0625553
0.404516
-0.189754
0.349537
-0.999781
-0.520082
-0.0605203
0.0914144
-0.998323
-0.591329
0.0587102
0.812794
0.536482
0.773884
-0.269405
-0.63561
-0.844391
0.341367
0.357951
-0.557641
-0.149179
-0.7979
-0.561659
0.999963
-0.999374
0.548916
0.3444
0.817427
0.456396
0.954655
-0.405352
-0.832266
-0.991622
0.233241
-0.396845
-0.917529
0.308964
0.431081
0.998621
-0.885947
-0.383266
-0.734684
0.92819
-0.330439
-0.938005
-0.986144
-0.0304243
-0.163398
-0.0427758
0.764859
-0.309779
-0.107692
0.113296
-0.269261
-0.877927
0.349654
-0.506367
0.973642
-0.456674
-0.429943
-0.981142
-0.476469
0.0308504
-0.32058
0.267893
-0.471617
0.0510632
-0.149533
-0.0735964
-0.938587
0.101024
-0.905877
0.994774
0.691938
-0.817008
-0.200457
-0.26421
0.48901
-0.155511
0.0495742
0.469119
-0.886897
-0.96639
-0.455448
0.0901032
-0.97728
0.724846
-0.473361
-0.991508
0.475161
0.523352
-0.328606
-0.463688
0.665252
0.546929
0.852066
0.998225
-0.514964
0.300845
-0.75607
0.854264
-0.149674
0.29897
0.642341
-0.232266
0.992918
0.964282
-0.878293
0.842419
-0.0189676
0.576437
-0.999633
0.813563
0.998925
0.125521
0.984141
-0.348041
-0.201931
0.648413
-0.752339
0.0277624
-0.82779
0.730589
0.568166
0.753039
-0.626355
-0.374801
-0.869648
-0.989112
0.79425
0.494089
0.318437
0.823839
0.999752
-0.749636
0.476278
0.981721
-0.617502
-0.387615
0.828431
-0.653346
-0.664738
0.0171677
-0.942658
-0.917547
0.904292
0.487427
-0.81517
-0.293329
-0.890993
-0.00570881
-0.750668
0.00975942
-0.455466
-0.326808
-0.815302
-0.913377
0.675872
-0.274461
-0.468856
-0.12765
-0.920105
-0.354516
0.0355082
-0.706856
0.0944642
0.920114
-0.218012
-0.550496
-0.163858
0.366994
0.920599
-0.232633
-0.546906
-0.997977
-0.992908
-0.570579
0.258091
-0.0546832
0.948467
0.796709
0.153374
0.473845
0.998081
0.634105
0.572586
0.998907
0.995924
-0.208296
-0.115701
-0.817922
0.766669
0.966446
-0.881021
-0.989517
-0.00872824
0.446493
0.997245
-0.981005
-0.377795
-0.158116
-0.0345039
0.816311
-0.74396
0.861268
-0.410485
0.186234
-0.973091
-0.608995
-0.663432
0.477459
-0.0346742
-0.971761
0.993153
-0.868778
-0.648201
0.960914
-0.235846
0.945807
0.344041
0.955141
0.178812
-0.425087
-0.444033
-0.734406
-0.496034
-0.0616724
0.54058
0.99961
0.173974
-0.13019
0.851723
0.492498
-0.843057
0.961962
0.960726
0.850207
0.431489
0.224835
-0.362465
-0.958809
0.285909
0.973427
0.999441
0.999184
-0.562021
-0.700218
-0.761875
0.872683
0.528632
-0.320225
0.566484
-0.975691
0.164747
0.957623
0.983647
-0.00775338
-0.303961
-0.486467
-0.761474
0.848301
-0.54474
-0.294927
-0.0677784
-0.986045
-0.825978
-0.489104
-0.635344
0.666002
-0.983362
-0.522646
-0.974154
0.717967
0.860938
-0.973782
0.999803
-0.835797
0.780278
-0.1081
-0.936149
0.858495
-0.990109
-0.77598
0.773959
0.889183
0.552817
0.983321
0.827272
0.0278083
-0.167814
0.799617
-0.934405
0.99905
0.399456
-0.999814
0.933043
-0.761928
-0.175544
0.372427
0.189672
-0.967636
-0.999508
-0.851069
-0.777437
-0.269715
0.581265
0.928705
-0.0735956
0.0574345
-0.365097
0.647999
0.213502
-0.060308
0.774872
-0.349472
0.772941
-0.114543
-0.110445
0.8831
-0.980662
0.422528
0.994262
-0.193977
-0.753654
-0.915191
-0.281338
0.492883
0.204392
-0.868384
0.119738
0.769787
-0.718044
-0.106931
-0.999783
0.356216
0.367461
0.979759
-0.349004
0.877016
0.743479
0.51054
0.0480099
-0.553656
0.987338
0.998998
0.105834
-0.090684
-0.137034
0.38047
-0.749916
0.553102
-0.695966
0.984702
0.336615
-0.530233
0.987406
-0.498401
0.0248667
0.974504
0.481626
0.923474
-0.194832
0.403675
-0.541257
-0.843099
0.999894
-0.300826
0.311142
-0.237825
0.970733
-0.682513
-0.245509
0.998795
-0.826383
-0.975877
-0.847482
-0.258037
0.0439361
0.302891
0.234048
-0.669528
-0.773483
0.00446218
-0.210706
-0.837557
0.850571
0.486498
-0.0790976
-0.958588
-0.896365
-0.404699
0.374742
0.694369
-0.697092
-0.531118
0.511099
0.800401
0.124707
-0.462504
0.722773
-0.884531
-0.509752
0.974324
0.844569
0.00606169
-0.416938
-0.364023
0.685571
0.995021
-0.912392
0.422255
-0.991782
-0.137649
-0.823088
0.556954
0.941273
0.156202
-0.991322
0.665725
-0.865602
-0.999923
0.972481
0.987468
-0.561558
0.384726
-0.999438
-0.346298
-0.537281
-0.877259
0.989144
-0.999457
0.968223
-0.630347
0.552712
0.730574
-0.0605057
0.999932
0.654178
0.58933
-0.10853
-0.965727
0.366748
-0.0812971
-0.261017
0.973994
-0.983854
0.943381
0.0368018
-0.00742498
0.881511
-0.48464
0.882018
-0.211879
0.864592
-0.294861
-0.983214
-0.105669
-0.195151
0.49864
0.591779
0.0978528
-0.866042
0.0144318
-0.880797
0.997222
-0.833383
0.761806
0.961854
-0.0638854
0.111766
-0.350975
0.0536524
0.439041
-0.403664
-0.11855
-0.0952074
0.873289
-0.694975
0.159788
0.410653
0.997574
0.702183
0.852948
0.313212
-0.195247
0.0253417
-0.251759
-0.845873
0.00546071
-0.528757
-0.762612
-0.783539
-0.455075
-0.995272
-0.949987
0.998268
0.926291
0.968565
-0.0805326
-0.666364
-0.747079
0.999999
-0.171513
0.753858
-0.999862
0.362385
0.0397833
0.689114
0.997655
0.9349
0.275831
0.425959
-0.302295
-0.133291
0.246415
0.798612
-0.0138959
0.35058
-0.627773
-0.485306
0.54035
0.366179
0.660495
-0.144073
0.341592
0.953744
0.829826
0.0371594
-0.327592
0.513607
0.451016
-0.117859
-0.550247
-0.960594
-0.281414
0.837884
-0.33055
0.662781
0.35426
-0.0894757
-0.23182
0.5237
0.868309
0.849995
0.172841
0.996629
-0.500052
0.912298
-0.999757
-0.872568
0.863617
0.345231
-0.524938
-0.863376
0.870579
0.303536
0.847139
0.816905
0.945139
0.250292
-0.992738
-0.498996
-0.316216
0.010794
-0.0176649
-0.00673613
-0.954036
0.690045
-0.358282
-0.962087
-0.519473
0.574767
-0.608431
0.187448
-0.337676
-0.341976
-0.950737
-0.744055
-0.306919
0.761319
0.496399
0.970346
-0.542125
-0.442226
-0.63744
-0.0117655
-0.161143
0.996433
-0.762342
-0.654851
0.698842
0.659583
-0.985503
0.217506
-0.883278
-0.0548015
-0.439089
-0.750678
-0.912926
-0.3749
-0.993687
0.244401
0.600433
0.0452552
-0.270959
0.805039
-0.937095
0.71526
0.735295
0.735168
-0.300817
0.915347
-0.600155
0.0602313
0.446481
-0.870146
-0.0819862
-0.200076
0.00462379
0.135983
0.605224
0.645883
0.37684
0.879959
0.482153
-0.983912
0.168776
0.631353
-0.52507
0.450827
-0.109547
0.684503
0.188676
0.488059
0.307434
-0.971403
0.230328
0.0775632
0.260988
-0.814678
-0.911948
0.556803
0.629589
-0.984596
-0.296985
-0.999806
-0.13823
0.822328
0.964016
0.430069
-0.467454
-0.81507
-0.889374
0.942962
0.0196368
0.0821174
0.618537
-0.794872
0.430086
-0.999601
-0.0430033
-0.847547
0.439861
-0.73772
0.855089
0.264619
0.0144687
0.800618
0.946382
-0.128745
0.979212
-0.421545
-0.482259
-0.989617
0.900941
0.0517072
0.951358
0.253375
0.99876
0.735645
0.907055
0.870246
-0.449016
0.32313
-0.158219
-0.462241
0.0116951
0.996549
0.469833
0.29967
-0.11907
-0.67386
-0.14821
0.984896
-0.617122
0.968756
0.244824
-0.220112
-0.485114
0.0940055
-0.960648
0.162882
-0.998144
-0.877598
-0.718091
-0.468145
0.38339
-0.438501
-0.113765
0.949564
0.990595
0.979314
-0.689695
-0.901158
0.424551
0.158503
-0.956472
0.703046
-0.999291
0.896965
0.617363
-0.54731
-0.672486
0.964532
0.92062
-0.235966
-0.15508
0.987449
0.662587
-0.999284
0.597193
0.0119472
0.977637
0.972096
0.987457
0.965364
-0.917113
-0.88493
-0.998887
-0.816673
0.995813
0.461243
0.520837
0.720588
0.613753
0.817091
-0.543657
0.736828
0.602797
0.411231
0.794479
-0.915743
-0.694488
0.917291
0.0888671
-0.734227
0.962325
0.900048
-0.972109
0.256067
-0.992288
-0.94963
0.996343
-0.987967
-0.998692
-0.596431
0.950335
0.230284
0.970065
-0.58871
0.719976
-0.9998
0.198712
-0.592941
-0.212915
-0.645722
0.605243
-0.877371
0.99717
-0.989699
-0.340419
-0.409658
0.791119
-0.684923
-0.105376
-0.436391
0.461394
0.35922
-0.0346198
0.436957
0.274839
0.934596
-0.348938
0.708318
0.700824
0.752894
-0.140908
-0.141854
-0.186011
-0.294419
0.598117
0.102191
-0.987977
-0.433895
-0.137899
-0.204818
-0.646778
0.359853
0.723473
0.396151
-0.284447
0.242378
-0.522173
0.922007
-0.308656
0.304848
0.999995
0.685651
-0.386967
0.435988
0.214609
-0.138861
0.302412
0.300532
0.528217
-0.850233
-0.463615
0.764879
0.81352
0.775041
-0.781606
-0.307406
0.33127
0.952354
0.381063
-0.846237
-0.416937
0.741958
0.863619
-0.278065
0.961379
-0.367417
0.320059
0.449416
0.525523
0.774327
-0.331735
-0.435213
0.747305
-0.454063
0.979711
0.873588
-0.828244
0.618421
0.00432075
0.699789
0.361785
0.836759
-0.97446
0.989533
-0.533419
-0.998753
0.968472
0.252035
0.34482
0.251724
0.343239
-0.826817
-0.25558
0.14567
0.294461
0.166935
0.296217
-0.400713
-0.991216
-0.997658
-0.944659
0.845143
0.00409829
-0.899268
-0.492624
0.183091
0.768607
-0.689875
-0.971943
0.910062
0.0966583
-0.994664
-0.785329
-0.113702
0.788473
-0.357383
-0.745251
0.213582
0.159176
0.998178
0.973589
0.773967
0.0496669
0.221306
-0.610288
0.18067
-0.0817732
-0.487046
0.90278
0.716015
0.321856
0.709567
0.341185
0.538113
0.222368
-0.863039
-0.316643
-0.918937
-0.596512
0.128475
-0.255213
-0.47582
0.557137
-0.321165
-0.108216
0.730732
0.473658
0.0698348
0.45324
-0.0500934
0.223819
0.800958
0.641458
-0.440602
0.939061
-0.20801
-0.332429
-0.999997
-0.151801
0.287028
-0.227038
-0.996232
-0.478751
-0.245919
0.0655632
-0.193988
-0.91962
-0.918582
-0.131703
0.505449
0.622379
-0.99998
-0.893678
0.825764
-0.810904
0.027934
0.272752
-0.78149
0.904513
0.474929
-0.913778
0.996809
-0.684693
0.416941
0.667644
-0.969848
0.640717
-0.133374
0.861375
-0.864564
0.981418
0.955847
-0.996152
-0.37768
-0.353816
-0.614204
0.696283
0.586721
-0.91634
0.513717
-0.314887
0.877948
0.781959
-0.182601
0.0761068
-0.780711
0.782277
0.99906
0.848731
0.817183
0.754726
0.805491
0.743135
0.0205896
-0.996627
0.986801
0.965371
0.33013
-0.895838
-0.538475
0.172645
0.929952
0.453531
-0.797281
0.591692
0.897919
0.995581
-0.97517
0.0882969
-0.238308
0.994787
-0.304561
-0.892628
-0.146466
-0.641877
-0.977163
0.66521
0.060406
0.754308
-0.274989
-0.149934
-0.314917
-0.191427
0.618149
-0.820887
0.46224
0.0131742
-0.364661
0.0525633
0.592522
0.697597
0.937508
0.653241
0.469792
-0.199879
-0.912573
-0.709206
-0.66253
0.90246
0.92393
-0.0359166
-0.357682
0.610108
-0.364257
-0.933791
0.605505
-0.653269
-0.137996
-0.0860655
-0.775151
-0.522206
0.167638
0.623818
-0.518879
0.174139
0.447487
0.510918
-0.673929
-0.991768
-0.897023
-0.960253
0.88961
0.439004
0.504841
-0.599822
-0.972206
0.999088
-0.173866
0.969033
-0.164507
0.298918
0.726507
0.348409
-0.285152
-0.14604
0.382495
0.998251
-0.559287
-0.969511
-0.231986
-0.314832
0.430768
-0.56802
-0.992345
0.510141
-0.160448
-0.999011
0.436527
0.311994
0.892299
0.167575
-0.981756
-0.862267
0.342579
-0.55732
0.498275
-0.55372
-0.917451
0.707482
0.586212
0.807111
-0.456635
0.616148
-0.634319
0.269869
-0.357824
0.388114
-0.717771
-0.305662
0.194881
0.51787
0.987998
-0.246649
0.645203
-0.50318
-0.473934
0.352696
-0.226069
-0.983258
-0.249593
0.994603
-0.504109
0.381216
0.807889
-0.486049
0.935625
0.956597
-0.0980997
-0.405941
-0.183555
-0.406156
-0.997648
0.500926
-0.112452
0.362789
-0.992715
-0.802715
-0.661897
-0.80616
-0.125437
-0.627958
0.0972417
-0.258063
0.923939
0.260966
-0.179957
-0.649116
-0.999965
-0.995981
0.258855
-0.878404
-0.175037
0.74977
-0.134068
0.354359
-0.775036
0.668363
0.5484
0.302475
0.999724
-0.507918
-0.214321
0.646088
0.947902
0.976958
0.64383
0.00247251
-0.809775
-0.937885
-0.807397
0.161803
0.880564
0.464033
-0.0560014
-0.849773
0.477954
0.95733
0.83702
-0.0683524
-0.162487
0.649676
-0.32593
-0.992697
0.998404
0.680118
-0.602175
0.106636
-0.978631
-0.677952
-0.376613
0.260329
-0.432375
0.733463
0.989831
-0.995519
-0.364536
0.476426
0.511365
-0.98913
0.0521072
0.697266
-0.217709
0.79398
0.924889
0.280339
-0.648332
-0.210062
-0.674415
0.223423
0.999765
0.902699
-0.474138
-0.199549
-0.0549152
-0.442486
-0.164009
0.990858
0.680509
-0.944629
-0.192848
-0.307828
0.211776
0.905162
0.362951
-0.349432
0.177181
0.416089
-0.952978
0.900693
-0.665882
0.97957
-0.999777
0.44321
0.999989
0.515595
0.944978
0.871963
-0.687334
-0.423503
0.439972
0.999974
0.594037
0.159772
0.637149
-0.241597
-0.987361
-0.894464
-0.973294
-0.830123
0.22029
0.554844
-0.0662755
-0.012294
-0.958707
0.056565
-0.642867
-0.777967
-0.862552
0.0954736
-0.459601
0.752955
-0.363382
-0.57936
0.391649
-0.47983
-0.0192953
-0.93417
-0.559905
0.967077
-0.616516
-0.902708
0.917072
0.223839
-0.945111
-0.166332
-0.353186
0.996621
-0.853567
0.488487
0.94309
0.1589
0.216577
0.531684
0.141781
0.860618
-0.830366
0.992345
-0.0909948
-0.579956
0.555997
0.138544
-0.859601
-0.721386
0.203225
-0.821148
-0.999614
-0.120155
-0.0965732
0.048638
0.653199
-0.65264
0.62189
0.0250335
-0.995384
0.730439
0.972244
0.983232
-0.996823
0.41799
0.304794
0.23032
0.792001
0.978764
0.52085
-0.299293
0.853524
0.284243
-0.444349
-0.962346
0.94502
-0.474422
0.607653
-0.827279
0.151449
-0.654932
-0.548935
0.0796357
-0.932148
-0.998398
0.882553
0.555461
-0.129928
0.123242
0.713751
-0.632534
-0.319524
0.0632747
-0.457815
-0.0853869
-0.989128
-0.754274
-0.443581
-0.971172
-0.975872
0.999683
-0.741404
-0.839344
-0.889595
-0.801768
0.946335
-0.743966
0.369475
-0.232542
0.110513
-0.687175
0.200298
0.549553
0.269716
-0.517942
0.230466
0.0864063
0.282884
0.910497
0.391
0.229354
0.95998
-0.452017
0.927175
-0.404138
0.819804
0.9609
-0.994008
-0.935228
-0.894977
0.941623
0.911883
0.359402
-0.186464
0.607243
-0.990406
-0.922589
0.00368973
-0.191471
-0.959792
0.979915
-0.954736
0.165206
0.0780948
0.252528
0.768057
0.854875
-0.913181
-0.37405
0.425029
-0.871702
0.209514
-0.986187
0.62542
0.732354
0.322363
0.907089
0.459223
-0.939382
-0.998321
0.713096
-0.26731
-0.667338
-0.882719
0.937681
-0.549335
-0.00378551
0.667182
-0.403299
0.347688
0.955412
-0.270191
0.00802231
-0.390871
-0.0364277
-0.308954
0.847066
0.905827
-0.962674
0.971716
-0.934634
0.695461
0.212263
0.181665
0.92824
-0.999694
0.0395963
0.486653
-0.687549
0.97882
-0.334383
-0.43975
0.788754
0.439624
0.758495
0.717471
-0.992568
0.807606
0.424317
0.0847501
-0.494155
-0.23014
0.92224
0.519882
0.8465
0.998414
0.265184
-0.00792888
-0.347504
0.476433
0.138645
-0.61817
0.206615
0.652776
-0.678225
-0.591278
0.0450286
0.983966
0.877565
-0.760974
0.929725
0.999852
-0.680137
-0.638688
0.598921
0.146335
0.307986
-0.761838
-0.660167
0.414649
0.0606567
-0.404644
0.88307
-0.290743
0.725032
0.779495
0.590338
0.366703
0.968308
-0.849798
0.457164
-0.517586
0.369081
0.876129
0.467003
-0.964842
-0.180761
0.372091
0.527346
-0.999183
0.988413
-0.375835
0.812664
0.222591
0.865662
0.991893
0.934045
-0.243626
0.700073
0.188421
0.106456
0.534306
-0.00193536
0.528916
-8.97031e-06
0.991655
0.911823
0.809981
0.00614812
-0.948269
0.944995
0.361089
0.152465
-0.99995
0.139184
-0.662164
-0.678132
-0.45211
-0.607627
-0.848481
0.998528
-0.585008
0.764638
0.996853
0.726389
-0.50039
0.0607604
0.629467
-0.393082
-0.672697
0.127678
0.503683
0.711868
-0.320051
-0.917819
0.429579
0.206333
0.223708
-0.368563
-0.627885
-0.736268
0.0261858
0.086752
-0.92674
0.166912
-0.781045
0.918678
-0.639391
0.965882
-0.252138
-0.855617
-0.529616
-0.982866
-0.96977
0.575609
0.482504
0.985908
-0.965563
0.915141
0.229455
0.736592
0.836372
0.761713
-0.981264
-0.181644
0.0515258
-0.198646
0.623656
0.87974
0.857297
0.561766
-0.847947
0.865941
0.305673
-0.672601
-0.777667
-0.0255326
0.190097
0.77248
0.211115
-0.129111
0.36207
-0.552626
0.261348
0.779055
-0.925563
0.976604
0.268198
-0.475155
-0.00335901
-0.253212
0.994325
0.716593
-0.934189
-0.93285
-0.788844
0.978083
-0.84499
0.999151
-0.34268
0.419563
0.139781
-0.641008
0.475868
0.999203
-0.10221
0.658831
0.0590292
0.461011
-0.967883
0.549132
0.182262
0.613989
-0.998054
0.890458
0.585002
-0.281023
-0.404387
-0.425738
0.813033
-0.333908
0.862799
0.382573
0.224097
-0.596976
0.239701
0.184975
-0.427241
-0.991908
-0.229071
0.41748
-0.104804
-0.0597309
0.228821
-0.656584
-0.0778358
0.160154
-0.884875
0.850533
-0.310921
-0.603893
0.87357
0.355329
-0.72439
-0.323077
0.184365
-0.421823
0.558956
-0.360372
-0.980827
0.98851
-0.981209
0.0472946
0.656974
-0.992736
0.263656
-0.105656
-0.993184
-0.132433
-0.926155
-0.761842
-0.943503
-0.096974
-0.155315
0.24469
0.0494097
0.923592
0.967016
0.8675
0.0431633
-0.0473799
0.438385
0.744031
0.0260912
-0.678077
0.429302
-0.748413
-0.545517
-0.0159386
-0.996999
-0.681932
-0.969319
0.517083
0.981022
0.937003
-0.830978
0.944474
0.850196
-0.700444
0.10192
-0.972723
0.45103
0.826429
0.429034
-0.21271
0.860035
-0.908433
0.863226
-0.805579
-0.686879
0.827744
0.935615
0.21054
-0.178352
-0.940311
0.919239
0.0585949
0.21097
0.77188
-0.989489
0.313209
0.34117
-0.0264254
-0.979384
-0.672135
0.865996
0.206701
-0.0755004
0.70291
0.500272
-0.725636
-0.179226
-0.513933
-0.801591
0.99802
-0.487188
-0.676908
-0.121675
0.538115
0.565963
-0.739756
0.0669833
-0.215644
0.949661
0.0244248
-0.95244
-0.728094
0.976979
-0.886186
-0.800903
-0.888448
0.636929
0.303901
-0.51825
0.276379
0.957268
-0.535526
0.607903
-0.172522
0.998636
0.938313
0.821775
-0.679441
0.528452
0.589177
-0.39139
0.577228
-0.0902846
-0.648991
-0.981064
-0.31795
0.958447
-0.738839
-0.999971
-0.392702
0.326053
-0.238165
-0.0028279
0.277751
-0.394911
-0.262331
-0.893242
0.188589
-0.855545
-0.050138
0.173704
0.583225
-0.101864
0.156642
0.298712
-0.987701
-0.994819
-0.892355
0.634732
-0.33675
0.220329
-0.319464
0.567999
-0.478452
-0.541001
-0.00508483
-0.999967
-0.893493
-0.706145
-0.582648
-0.737792
0.830446
-0.375108
-0.746076
0.773205
-0.970616
-0.852435
-0.119152
0.504569
-0.88036
0.625102
0.949654
0.456827
-0.68648
-0.166531
-0.677063
0.406253
-0.20478
-0.422317
0.341026
0.856257
-0.113817
-0.114214
0.643716
0.999817
0.859099
0.309667
-0.605008
-0.318217
0.427441
-0.638995
-0.531372
-0.757399
0.919376
-0.923441
-0.990099
-0.949495
0.808011
-0.372612
-0.995377
-0.999787
0.785283
-0.398574
0.995453
0.995624
-0.70473
0.882361
-0.206125
-0.924762
0.576658
0.354949
0.436986
0.656397
-0.028161
-0.570984
-0.473618
0.126485
-0.992505
0.998439
-0.589505
0.931032
0.718417
-0.384158
0.103075
0.530243
-0.41163
0.152962
-0.606113
0.333497
0.192722
0.859306
-0.465763
-0.213399
0.36007
0.585616
-0.28718
-0.168038
-0.916219
-0.678156
-0.188146
0.841123
0.8816
0.995328
-0.997546
0.898886
0.551843
-0.877494
0.980689
0.869155
-0.378794
-0.271688
-0.478289
-0.863711
0.822724
0.952603
-0.992999
-0.985785
0.214139
0.697562
-0.229042
0.304424
0.469739
0.79623
-0.193118
0.385194
0.90555
-0.673255
-0.962333
0.998737
0.725532
-0.68301
0.0945229
-0.17415
-0.981576
-0.721019
-0.905174
0.708345
0.565157
-0.902738
0.598207
0.899575
-0.995576
-0.972106
0.0995832
-0.98939
-0.0932646
-0.647688
-0.755161
0.54755
-0.00991463
-0.813843
-0.426512
0.436795
0.109696
0.265413
-0.817507
0.345915
-0.356834
-0.937187
0.840187
-0.605772
0.65942
0.0492525
-0.691313
0.386927
0.210206
-0.622526
0.632088
0.640754
0.628473
-0.285289
-0.654808
0.978553
0.526967
0.746926
-0.549177
0.263758
0.933908
0.356917
0.277521
-0.574
0.822661
-0.650271
-0.997708
-0.274896
0.826955
0.723028
0.586681
0.35462
0.806392
0.691819
-0.0779898
-0.991701
-0.916499
0.366658
0.719038
-0.205403
0.359197
-0.0689911
-0.538327
0.422483
0.299348
-0.212423
-0.697202
-0.900355
-0.560803
0.168219
-0.516606
0.321558
0.526579
0.00229555
-0.876456
-0.55111
0.313665
0.600609
-0.114499
-0.348983
-0.949828
0.862541
-0.255896
-0.947132
0.0768033
0.00289599
-0.468367
0.565612
0.669136
0.353931
-0.396226
0.12736
0.199334
0.953157
-0.74166
0.716616
0.0327325
0.740771
-0.84095
0.518714
0.954107
0.990604
0.126819
-0.427424
-0.768758
-0.900055
0.162483
0.550505
0.214113
-0.546082
0.342872
0.856429
-0.936541
0.23029
-0.65302
0.974254
-0.394725
0.392708
0.69634
-0.679519
-0.327207
-0.793746
0.669118
-0.801547
0.808238
0.881156
-0.488689
-0.209266
-0.986848
-0.920967
-0.85819
0.868951
-0.952059
-0.546679
-0.275989
-0.993568
0.0383479
0.800773
-0.481106
-0.906006
-0.990277
-0.830757
0.998789
-0.748393
0.897801
0.655819
0.382294
-0.279429
0.748515
-0.777775
-0.655858
-0.149014
-0.988382
0.997319
-0.448304
-0.308011
0.944822
0.998944
-0.0311031
0.0132132
-0.999148
0.0205682
-0.0392771
-0.365084
-0.513913
0.631366
-0.686114
-0.282289
-0.328594
0.717885
-0.830457
-0.985717
-0.656179
0.209118
0.38473
-0.346213
-0.775541
0.753691
0.990769
0.293574
-0.677731
-0.993619
0.0197535
0.959936
-0.97448
0.940837
0.0510812
0.215277
-0.0332019
0.994066
-0.955172
0.879563
0.327829
0.906924
0.966764
0.0739488
0.626942
-0.99946
-0.366392
0.683242
-0.860973
0.604841
0.756021
-0.483688
-0.626594
-0.0650988
-0.811369
-0.969551
-0.157798
-0.347236
0.185821
0.963143
-0.85162
0.937395
-0.0864321
0.216721
0.208438
-0.118731
0.354064
-0.584809
-0.131937
0.826252
0.103042
0.270101
-0.527882
0.93449
-0.532376
0.0658856
0.108138
0.514574
0.162439
0.587258
0.0269716
-0.685541
-0.00416692
-0.61858
-0.018717
0.0874124
-0.449067
-0.375557
0.903068
-0.591228
-0.463105
0.177976
0.949191
0.844028
-0.733898
0.999635
0.872489
-0.456592
-0.250335
-0.457897
0.663224
-0.379309
0.955232
-0.873486
-0.376354
0.994179
0.996723
-0.186902
-0.0624613
-0.155292
0.0167375
0.80271
-0.604896
-0.299274
0.644683
-0.48099
-0.299122
-0.757222
-0.293616
0.699622
0.969558
0.0436496
-0.160843
0.979818
-0.586518
-0.371438
-0.261759
0.663808
0.917697
0.78252
0.558722
0.996277
0.941856
0.990382
-0.998521
0.401125
-0.974888
-0.839953
0.59666
-0.575736
0.580142
0.670777
0.474128
-0.975799
-0.934312
0.353961
0.734096
-0.63801
-0.236564
-0.60856
-0.0949954
0.696845
-0.345015
-0.171904
-0.139705
-0.218701
0.252805
-0.965476
0.828578
-0.187076
-0.514982
0.984829
0.55932
0.570801
-0.229602
-0.979337
-0.966117
-0.143167
0.987366
0.0557826
0.0880131
-0.0424286
0.990638
-0.180903
0.425752
0.298035
-0.706486
0.760074
-0.911487
-0.172394
0.653292
-0.978557
0.60358
-0.931385
0.998973
-0.347534
-0.419537
0.509442
-0.962837
0.0170922
-0.999597
0.795537
0.723338
0.860245
-0.740075
0.519169
0.34305
-0.423148
0.234843
-0.422371
0.981839
-0.32233
-0.668539
-0.635089
-0.699125
0.99812
-0.568396
0.844855
-0.802352
-0.406308
-0.321348
0.0968927
0.0419
-0.999585
0.652794
0.0878835
0.999881
-0.969047
0.638192
-0.0944807
0.755452
0.19586
-0.0956791
-0.698335
0.982307
-0.525339
0.950456
-0.792315
0.539656
-0.850032
0.67036
-0.592159
0.830575
0.146655
0.999988
0.948844
0.406536
0.473891
0.585572
-0.244253
-0.415038
-0.998115
0.935659
0.382695
-0.210213
-0.0303103
0.909921
-0.273423
-0.258074
-0.999957
0.731103
-0.715921
0.622629
-0.00567104
-0.109258
0.918631
0.0198618
-0.554962
-0.0975161
-0.817976
-0.0167545
0.069268
-0.871572
0.913303
0.364829
0.415065
0.970423
0.494489
0.563302
-0.99786
-0.689516
-0.808783
0.395576
0.089642
0.930002
0.266552
0.000753726
0.999673
0.339843
0.773648
0.589895
-0.409018
0.742465
0.988419
-0.0128276
-0.430167
-0.610214
-0.998163
-0.0380478
0.857166
-0.628198
0.869165
0.665274
-0.427156
-0.952786
-0.346863
0.994805
0.999982
-0.404165
-0.460252
0.96869
0.645361
-0.976905
-0.0195949
0.613827
0.513622
0.473819
-0.086187
0.103032
-0.402277
-0.658185
-0.595195
-0.650961
0.537886
0.277985
-0.47976
0.154517
0.282833
0.186037
0.906864
0.984969
0.256346
0.787783
0.353916
0.838618
0.975191
-0.269826
0.020682
-0.358343
-0.853468
0.188858
-0.0445226
0.968472
0.636318
-0.920822
-0.0412733
0.824409
0.00498509
-0.431278
-0.192322
0.221487
0.692661
-0.46136
-0.97034
-0.728654
-0.940898
-0.892367
-0.706328
0.633334
-0.535104
0.958877
-0.952622
0.100756
-0.941827
0.415158
-0.237936
-0.261231
0.785981
0.492437
0.755555
0.711345
0.628416
-0.586405
-0.997983
0.158062
-0.402578
0.85583
-0.945722
0.880264
-0.785599
0.210141
0.986961
0.996415
0.951294
-0.737937
0.268349
0.0582952
0.997573
0.754355
-0.170927
0.392067
-0.125779
-0.892551
0.115572
0.406761
0.454505
-0.230268
0.947794
0.935213
-0.9903
-0.20595
0.580074
-0.56672
0.444277
0.892406
-0.98947
0.778132
0.510827
0.984682
-0.0568663
0.0411776
0.410879
-0.765428
-0.543542
0.660475
0.921285
0.120662
-0.970768
0.686867
0.996327
-0.257276
-0.998619
-0.762113
-0.366087
-0.392025
-0.271287
0.457137
-0.701359
0.860918
0.999431
-0.772351
0.867675
0.831947
-0.361237
-0.949754
0.839188
-0.074103
0.259718
-0.44521
0.984218
0.598745
-0.763948
0.996142
0.579445
0.875771
-0.714765
0.682021
-0.867413
-0.999489
0.436417
-0.171354
0.0942956
-0.353204
0.832246
0.976779
0.420513
0.164239
-0.291127
-0.530683
-0.428416
-0.873639
-0.463349
-0.996194
0.998853
-0.356466
-0.877449
-0.414278
0.35945
0.0347768
0.999076
0.116121
0.60578
-0.5133
0.0627713
-0.459515
-0.473019
0.57211
-0.853426
0.0410718
-0.795199
-0.708521
0.997585
-0.853307
0.260253
0.690185
0.165021
0.868225
-0.755038
0.940139
-0.227871
0.886405
-0.717359
-0.29596
-0.3399
-0.987336
-0.0198252
0.869803
-0.948695
-0.966515
0.638053
0.636416
0.999793
0.470287
-0.0272341
0.0399577
-0.957583
-0.930428
0.435003
0.912303
0.667788
0.75307
0.920801
0.474195
-0.232573
0.465712
0.692732
0.0943397
-0.974276
-0.945404
-0.00215577
-0.00267045
0.339813
-0.451179
-0.427071
-0.909894
-0.341046
0.796424
0.0155949
-0.340171
0.62428
-0.719531
-0.497494
0.702033
0.591999
0.904931
0.537124
-0.274991
0.936102
-0.0241305
0.423858
0.39685
-0.998163
-0.842022
-0.175739
-0.812466
0.977694
0.97621
-0.113088
-0.000965081
-0.0908205
-0.681031
0.953883
-0.994268
-0.621472
-0.635146
0.276478
-0.31218
-0.030428
-0.736373
0.570425
-0.711308
0.0897377
0.0129326
-0.760831
-0.790722
0.24024
0.188111
-0.418531
0.448228
0.641713
0.0881583
-0.291198
0.0991725
-0.872896
-0.340102
-0.401019
0.805636
-0.426694
-0.89742
-0.0951019
0.951763
0.760802
-0.999365
-0.254624
0.794235
-0.294169
-0.829145
0.291162
0.858588
-0.0705783
-0.469083
0.456571
0.533045
-0.997546
-0.828994
0.706826
0.324116
0.0886116
0.388273
-0.978135
0.8854
-0.0435573
-0.685751
-0.453491
-0.318408
0.994163
0.812047
0.594061
0.95885
-0.978188
-0.992766
0.947569
-0.467423
0.998295
0.783416
0.674745
0.999789
0.935594
0.947347
-0.287778
0.768169
-0.317134
0.214592
0.643185
0.329178
-0.135139
-0.487759
-0.77838
-0.60664
0.790949
-0.550301
0.99833
0.582276
0.868648
-0.824341
0.596089
-0.0355853
0.601323
-0.769096
0.0463752
0.822667
0.979946
0.239967
0.439563
0.927564
-0.659458
0.970747
0.964568
-0.943791
-0.970141
-0.718746
-0.967373
0.938934
0.996057
0.586037
0.353665
0.792242
0.934855
-0.907118
-0.993114
0.230604
-0.331238
0.980882
-0.0991613
-0.00242709
0.216852
0.920117
0.666786
-0.214599
0.0260936
0.993586
0.694034
0.633957
0.717375
0.990041
-0.436372
0.458021
-0.670255
-0.312526
-0.455038
0.994808
-0.188913
-0.535984
0.241437
-0.943828
-0.963247
0.891201
0.898039
0.0879456
-0.999703
0.811506
0.447978
-0.95368
-0.895751
0.314839
-0.899698
-0.342775
0.0845169
-0.671646
-0.906714
-0.273682
-0.774334
-0.21297
0.258642
0.931381
0.38772
-0.371337
-0.281765
0.0478142
-0.0633233
0.653699
-0.964435
-0.25082
0.120933
-0.605367
-0.319552
0.999985
-0.996079
0.743173
-0.595073
-0.848461
-0.977702
0.461723
0.658764
0.911553
-0.0429637
-0.633298
-0.720094
0.998191
0.165282
0.89573
0.573759
-0.773804
-0.0907532
-0.440944
-0.696339
0.808542
-0.538626
0.617549
0.942422
-0.684647
-0.314705
-0.831731
0.608409
0.989748
0.905353
0.798672
0.586285
-0.519877
-0.515826
-0.306038
0.870884
-0.21104
-0.309944
0.00646077
-0.452967
0.0564331
0.300855
-0.972763
-0.626907
-0.00431259
-0.269022
-0.379515
-0.992914
0.655121
0.965735
0.998171
0.922818
0.955346
0.0509431
0.344439
0.209601
0.360465
0.534184
-0.69815
-0.646354
-0.943423
0.768964
-0.354362
0.138457
-0.578068
0.928839
0.0382215
-0.999009
0.962043
0.39409
-0.796416
-0.250472
0.694039
-0.989489
0.714376
-0.0464238
0.954944
-0.943445
-0.996088
0.178035
-0.689465
-0.0996634
0.845268
0.72732
0.918876
-0.680482
0.24452
-0.216094
0.339158
0.746477
-0.83671
0.897996
0.677975
0.157641
0.609512
-0.457088
-0.901824
0.0553691
0.0587303
-0.0988105
-0.246175
0.708082
-0.991919
-0.84367
0.758134
0.556951
0.968489
0.209936
-0.797469
-0.524986
0.986988
0.622307
-0.460223
0.589132
-0.200341
0.423937
0.355026
-0.390176
0.877347
0.531142
-0.58631
0.268064
-0.781051
0.0220617
0.397566
-0.656733
-0.803905
0.205775
-0.643842
0.744298
0.327439
0.87283
-0.892438
-0.699389
0.981038
-0.522527
0.941596
0.117183
-0.570382
0.0659963
0.669234
-0.999917
-0.306974
-0.801633
-0.597327
-0.149558
-0.647463
-0.636461
0.980085
-0.860608
-0.168921
0.168809
-0.737358
0.497725
-0.922708
-0.917806
0.506465
0.306335
0.184393
0.988146
0.888547
-0.973029
-0.477678
-0.682138
0.35001
0.988199
0.604062
-0.999121
-0.992816
0.586072
-0.0360264
0.4078
0.898598
-0.396735
-0.791315
0.472035
0.665672
-0.73909
0.0070215
-0.994974
-0.980226
-0.325838
0.828868
-0.99964
0.974383
0.8868
0.248484
-0.927872
0.791955
-0.966434
-0.559549
0.352676
-0.918548
0.929521
0.419042
0.655534
-0.991904
-0.231921
0.717922
0.0608686
0.999847
0.325539
0.431836
-0.691373
0.00791988
0.768857
-0.225735
0.97594
0.860558
-0.451217
-0.882608
-0.398848
0.998149
0.996006
-0.907121
0.822624
-0.258885
0.643438
-0.716506
-0.716788
0.586689
0.968871
0.086765
-0.997791
0.293093
0.118315
-0.78313
0.721815
0.549105
-0.455417
-0.736003
0.596618
0.79204
0.12872
0.344245
-0.560499
0.932501
-0.659598
-0.378367
-0.770682
0.977889
-0.629994
0.840376
0.999339
0.999948
-0.999671
-0.681683
-0.981717
0.0493784
0.316008
0.328936
0.266825
0.361407
-0.745977
-0.0549973
-0.996906
-0.605235
-0.158788
0.775477
-0.469109
0.996945
-0.462658
0.709399
-0.304173
0.597527
-0.91447
0.947626
-0.795049
0.968622
-0.808355
-0.75391
0.20842
0.850793
-0.831807
-0.102033
-0.522807
-0.307339
-0.686966
-0.888089
-0.725975
-0.629442
0.952537
0.890984
-0.256999
-0.501702
0.480559
0.198886
-0.880463
-0.937812
0.0678902
0.258104
0.901778
-0.456273
-0.265052
0.890178
-0.0855719
0.957933
-0.999317
0.0496997
-0.678321
-0.943862
-0.0310911
-0.986139
-0.841347
0.343675
-0.1888
-0.0245812
-0.971425
-0.63721
0.657022
0.886529
0.98365
-0.160019
0.861341
-0.971165
-0.726231
-0.0628305
-0.120038
0.999745
-0.174282
0.66361
0.965475
0.944806
0.99521
0.0596412
0.508639
0.277985
0.916657
-0.0472862
0.925548
0.835946
0.0441158
0.316173
-0.764752
0.860054
0.203161
-0.658146
0.171069
0.491247
0.104286
0.771624
-0.512761
0.505673
0.401339
0.483106
0.119682
-0.380474
-0.340095
0.843263
0.816379
-0.650755
-0.0801313
-0.673703
0.302427
0.658148
-0.567528
-0.17409
0.271516
-0.683349
-0.605343
-0.320475
0.117107
-0.101735
0.0126628
0.873443
0.835801
-0.314302
-0.235389
0.910141
-0.280631
-0.46641
0.655325
-0.439336
-0.999733
-0.49925
-0.978028
0.871542
0.793113
0.998071
-0.525058
-0.873707
0.551524
0.296998
-0.612969
-0.823027
0.853835
-0.983858
-0.136094
0.274921
0.989511
0.817414
0.377381
-0.617969
0.342819
0.971309
0.210849
-0.494044
-0.838464
-0.9853
-0.228775
-0.472957
-0.970939
-0.911049
0.666728
0.932679
0.961434
0.986503
0.996562
-0.771894
0.0867507
0.327342
0.502833
0.750429
-0.904148
0.661676
-0.664418
-0.553265
-0.346289
-0.34143
0.747705
0.524926
0.110495
0.293473
-0.96549
0.482575
0.557556
0.0884346
-0.111908
0.983554
-0.271166
0.601195
0.331769
-0.0231188
-0.561358
0.285435
0.650534
0.645203
0.67058
-0.735468
0.913324
-0.553174
-0.315968
-0.79446
0.911091
0.417884
0.639993
-0.726703
0.944286
-0.79856
0.574368
-0.756998
0.0381489
0.238209
0.296547
-0.447386
0.815519
0.440447
-0.522247
-0.110194
0.814758
-0.417602
-0.598317
0.680828
0.0268947
-0.367491
-0.290838
0.478321
0.470215
0.547067
-0.219391
0.794606
0.301042
0.780805
-0.951438
0.891215
-0.786373
0.217592
0.702167
-0.480946
0.185554
-0.121241
0.454277
0.896766
0.163756
-0.999809
-0.998752
0.73854
-0.0919555
0.697604
-0.996818
-0.996938
0.331251
0.228324
-0.919861
0.177501
0.337966
0.0435179
0.399079
0.0631722
0.342715
0.17597
0.885912
0.915933
-0.26545
0.171187
-0.874964
-0.793913
-0.326276
0.849969
0.856013
-0.955993
0.993463
0.920975
-0.354022
0.192616
0.245473
0.999859
0.818754
0.753138
0.852651
-0.547249
0.533969
0.124206
0.597185
0.611071
0.00370614
-0.997399
-0.945092
0.897816
0.997481
0.861877
0.991563
0.999885
-0.749372
0.800902
0.30674
0.0759922
0.231375
0.974814
-0.381886
-0.149199
0.0848243
0.799987
0.734682
-0.871362
-0.585641
-0.417917
0.33561
-0.0793857
0.427536
-0.480784
-0.818839
-0.287064
0.959197
-0.815186
0.00346897
-0.999261
-0.337271
-0.374721
0.6836
0.257122
-0.705308
-0.600865
0.447095
-0.945053
-0.128044
0.196888
0.476231
0.860104
0.630657
-0.621868
0.761479
-0.0647678
0.52451
0.247574
0.218195
-0.992526
-0.0322227
-0.962095
0.732201
-0.458846
0.109259
-0.572245
-0.92013
-0.814735
-0.222986
-0.900328
0.861878
-0.162828
-0.720503
0.794213
-0.0653563
0.90375
-0.893889
-0.193571
0.651416
0.843078
-0.469415
0.0535799
0.998466
-0.689585
0.958949
-0.993927
0.84579
0.919853
-0.84111
0.615153
-0.990478
0.712959
-0.428579
-0.816004
-0.842148
-0.584284
0.316379
0.572267
0.0526862
0.0200755
0.18123
-0.364926
0.189026
0.495506
0.545457
0.224256
-0.641257
-0.602272
-0.998378
-0.644689
0.668307
0.462578
0.903374
-0.573088
-0.838341
0.983462
0.945248
-0.539195
-0.111167
-0.485372
-0.561138
0.641327
0.715682
-0.929695
0.634642
-0.877893
0.232918
0.152188
0.582069
0.251599
-0.683156
0.649002
-0.618616
-0.435306
-0.571935
0.757706
-0.537757
0.361864
-0.2253
0.523429
0.332272
-0.592007
0.124808
0.495331
0.916698
-0.997901
-0.983403
0.638821
-0.583837
0.426786
0.153378
-0.152785
0.830838
-0.127307
0.337864
0.258372
-0.956399
-0.801651
0.245529
0.439921
0.170946
-0.945707
-0.734812
0.646747
-0.346229
-0.554506
0.935939
-0.545074
0.429923
-0.890911
-0.948022
-0.462558
0.450873
-0.999445
0.856157
0.379209
0.177648
-0.733249
0.417118
-0.612544
-0.898052
-0.786187
-0.110902
0.769686
-0.679978
0.19024
0.964315
-0.648413
0.913852
-0.407813
0.0536459
-0.981866
0.275835
-0.0619379
0.920084
0.994439
-0.209775
0.946974
-0.427913
-0.868054
0.491457
-0.256796
0.00968469
-0.0680361
0.552921
0.81933
-0.999585
-0.586289
0.315762
-0.0814691
-0.489662
0.996776
-0.249977
0.0291657
0.446401
-0.791252
0.817563
0.486317
0.79255
-0.438971
-0.976281
0.600176
0.829881
-0.968402
-0.575217
0.0240497
-0.4269
0.529112
-0.99983
-0.21448
0.881048
0.535762
-0.947956
-0.387339
-0.921364
-0.856194
0.788706
-0.0791314
-0.831092
0.802001
-0.839929
0.127313
-0.769967
0.88027
-0.859754
0.41081
0.179495
-0.934273
0.405564
-0.392096
0.361684
0.753349
-0.586297
0.159572
0.923476
-0.245505
-0.835478
0.845005
-0.711456
0.942817
-0.955152
-0.818462
0.934649
0.470838
-0.651114
-0.110305
-0.359657
0.999267
-0.0331438
0.0649336
0.526725
-0.26249
0.419821
0.862436
0.291299
0.6861
0.567179
0.854795
0.521609
0.4386
0.766888
0.267525
-0.99781
-0.570133
0.922126
0.806586
-0.735772
0.906136
0.288494
-0.0124283
-0.51147
0.359619
-0.396316
-0.00700553
-0.583219
0.584922
0.135939
-0.186017
-0.205456
-0.930756
0.870958
-0.969654
0.173149
-0.28875
0.913471
0.441453
-0.237464
-0.547863
-0.275998
-0.477673
0.459739
0.878545
-0.141815
0.0829952
0.468904
-0.994287
-0.516003
-0.195104
0.998972
-0.175527
-0.782604
-0.229954
0.943334
0.875265
0.992993
0.0455797
-0.493598
0.727362
0.125116
0.895908
0.900203
0.1029
0.0507244
0.00423365
0.348691
0.456438
-0.767552
-0.894059
0.821664
-0.186379
0.259041
0.776642
0.084451
0.795528
-0.339534
-0.408524
-0.128165
-0.422356
-0.952891
0.301689
0.0352417
-0.115522
-0.10402
-0.0659476
0.351487
-0.724414
0.803445
0.756927
0.701964
0.180568
0.237793
0.0564752
0.722308
-0.856276
0.134003
0.822343
0.832718
0.594233
0.642015
-0.884249
0.161692
-0.10291
0.988713
-0.319213
-0.344116
-0.458498
0.56011
0.999858
-0.786462
-0.621226
-0.897045
-0.992599
0.344502
0.929632
-0.0193505
-0.99495
-0.375382
0.871545
-0.255128
0.607647
-0.945828
0.77398
-0.448195
-0.465661
-0.376382
-0.342397
-0.857769
0.278993
-0.88355
-0.850247
-0.731495
0.992284
-0.274352
0.267815
-0.999925
-0.483468
-0.499448
-0.817508
-0.502731
-0.150042
0.710398
-0.271726
0.333419
0.849794
-0.95844
-0.71462
-0.471324
-0.8912
0.562513
-0.602652
-0.465254
-0.898766
-0.939072
-0.959096
0.919879
0.999174
0.543829
-0.0776796
0.976915
0.871236
0.0821819
0.127796
0.734681
0.400094
-0.999105
0.257411
0.896454
0.75264
-0.914585
0.646719
0.177284
0.258283
0.403972
0.891665
-0.889083
0.933903
0.534333
0.619283
0.681804
0.691091
-0.0773135
-0.311057
-0.17144
-0.58222
0.664734
0.999981
0.17103
0.471429
-0.910586
0.732427
-0.998377
-0.270912
0.63803
-0.92315
0.282871
-0.31566
0.812949
0.831891
0.0938183
-0.450874
-0.900899
-0.808788
0.74749
0.743727
-0.426995
-0.16972
-0.598905
0.885819
-0.125657
-0.999779
-0.897775
-0.970185
0.179986
-0.678663
0.924888
-0.1009
-0.199568
-0.954069
0.917109
-0.0802382
0.20193
-0.553215
-0.422649
-0.409614
-0.171001
-0.117
-0.999991
0.395973
0.13691
-0.889033
0.334415
0.512774
-0.743678
0.722361
-0.82763
-0.877358
-0.950369
-0.0446815
-0.884321
-0.733622
-0.994883
-0.186389
0.995516
0.210985
0.895156
0.343638
0.130774
-0.702581
0.626393
0.890606
-0.0281429
-0.228589
-0.110852
0.911664
-0.887051
-0.484094
0.578182
0.368021
-0.805373
-0.138743
-0.99939
0.493882
0.869338
0.979195
-0.992715
-0.843827
0.766593
0.239151
-0.998577
0.469518
0.796976
-0.223146
-0.97137
-0.45708
-0.931165
0.79858
0.326686
-0.279291
-0.896706
-0.57964
0.258402
0.994817
0.0122485
0.973139
0.151179
0.980343
0.0340754
0.865476
-0.886307
0.742619
-0.249267
0.562775
-0.448276
-0.209488
-0.997168
-0.0527747
-0.553036
-0.00341103
-0.480442
-0.233026
0.983769
-0.174269
-0.212106
0.274673
0.445161
0.332716
-0.993474
-0.450492
-0.627025
0.0161358
0.974293
0.999997
0.732031
0.567047
0.176127
0.65512
-0.229908
0.999433
-0.107259
0.371654
0.784684
-0.456354
-0.0307155
0.878544
-0.0120869
0.443401
0.610391
-0.690404
0.146892
-0.323982
0.839014
-0.252598
0.93088
0.902837
-0.446864
-0.99909
-0.988433
-0.899604
-0.871327
-0.528797
0.896463
0.734041
-0.636498
0.892651
-0.987994
0.566372
-0.840993
0.990984
-0.981519
0.919559
0.912295
0.941591
-0.768816
0.729389
0.791563
-0.925187
-0.85727
-0.17369
-0.512619
-0.54741
-0.182369
0.936156
-0.239145
0.882878
-0.634577
-0.840442
-0.961293
0.56662
0.876008
-0.0837148
-0.0568349
-0.0601182
0.886194
0.501604
0.953772
-0.777963
-0.300242
-0.367624
0.71714
0.786424
0.435008
-0.999971
-0.0967013
-0.58093
-0.325149
0.522373
0.974342
-0.901839
-0.456314
0.149244
0.972474
0.136183
-0.963215
-0.020286
0.231562
-0.990654
0.401364
0.85848
0.936493
-0.965122
-0.394486
0.0990839
0.997925
0.193819
-0.0460801
-0.639388
0.243682
-0.219612
-0.809376
-0.432894
-0.815763
-0.717374
-0.735281
0.85178
-0.270144
0.950702
0.826938
-0.662712
-0.636823
-0.994203
0.303805
0.863215
-0.713031
-0.998126
-0.820801
-0.887223
0.98816
0.823816
0.198908
0.0403818
0.546302
-0.487066
-0.493645
-1
0.30024
0.316906
0.362239
0.575852
-0.270294
-0.248118
-0.683363
-0.918439
-0.894176
-0.772473
-0.653832
0.927568
0.86992
-0.0478608
0.24554
0.826332
-0.429204
-0.238885
0.130933
0.861571
0.431643
-0.752986
-0.860186
-0.677904
0.886921
0.301818
0.95015
-0.0535183
0.0561371
-0.469007
-0.711424
0.0506642
0.834589
0.326563
0.995701
-0.799869
0.915192
0.745998
-0.99861
-0.994949
0.975698
-0.508314
0.80208
-0.835037
-0.0779732
0.142902
-0.310624
-0.0485618
-0.963365
0.640059
0.331034
0.878557
0.119822
0.208368
-0.375339
0.502037
-0.815051
0.0558103
0.160352
0.687488
-0.933828
0.902
-0.644066
0.616919
0.958705
0.62214
0.29523
-0.267645
0.693389
0.31558
-0.860886
-0.877997
-0.784325
-0.101593
-0.979683
0.188832
-0.0959423
0.332335
-0.471352
-0.553374
-0.327259
-0.525584
0.00206668
0.669229
0.935696
-0.720859
0.965577
-0.994055
-0.992348
0.22112
-0.511376
0.6844
-0.85917
-0.826866
0.0319381
0.212965
-0.119994
0.321431
0.23082
0.575865
0.349028
0.961175
0.712602
-0.909464
-0.209017
0.513653
0.565053
-0.0917551
-0.993529
0.321059
0.806485
0.901462
0.860739
0.396925
0.508471
0.422405
-0.456944
0.128238
0.685757
0.198428
-0.551465
-0.521352
0.999372
-0.347638
0.910722
0.0679678
0.319532
-0.639445
-0.18928
0.522436
-0.347498
0.626872
0.608115
0.987724
-0.790276
0.757394
0.505488
0.689999
0.637761
0.973711
0.83487
-0.99059
-0.464506
0.20975
0.761148
0.980671
-0.0175965
-0.173522
-0.624801
-0.439348
-0.947657
-0.797189
-0.0893044
-0.954521
0.59291
0.19999
0.194949
-0.879372
-0.89411
0.179538
-0.949505
-0.169024
-0.261409
0.761715
-0.999186
-0.0642445
-0.246036
0.99633
0.847246
0.344297
-0.937292
-0.350028
-0.244348
0.241447
-0.728841
-0.616577
-0.744455
-0.651528
-0.176434
0.396786
-0.577866
-0.875912
-0.0778771
0.607239
-0.833746
-0.187293
-0.999944
-0.650411
-0.83953
0.0551009
-0.96489
-0.277571
-0.618045
0.613541
0.280604
-0.240288
-0.996159
0.27449
0.896336
0.968985
0.777458
0.866385
-0.799632
-0.226729
0.784819
0.315342
0.265136
-0.976118
0.991767
0.454175
-0.998642
0.448109
-0.0431562
0.839259
-0.855105
-0.897379
0.552199
0.105756
-0.769827
0.996586
0.977905
-0.505573
-0.450884
0.798692
-0.000336949
0.296608
0.989816
-0.419006
0.243078
0.945767
0.881981
0.522325
0.585487
-0.751794
-0.590628
0.811793
-0.303484
-0.347771
0.342294
0.496168
-0.840067
-0.612487
-0.174965
0.916416
-0.774631
0.13737
-0.978949
0.436338
-0.942412
0.656545
-0.982467
-0.212613
0.758552
-0.016488
0.178339
-0.639556
-0.553389
0.448218
-0.70346
-0.307252
-0.684292
0.686465
0.99769
0.804527
-0.183643
0.667265
0.0815872
0.549945
-0.394023
0.506961
0.247397
-0.967782
-0.399921
-0.470645
0.540372
0.00385466
0.363748
0.113343
-0.999547
-0.382617
0.498026
-0.289395
0.966152
-0.816295
-0.549538
0.559319
0.968355
-0.997094
-0.342452
0.889565
-0.524808
-0.985003
0.230027
0.226738
-0.792089
-0.605318
-0.99617
-0.381125
0.363954
-0.290406
-0.162161
-0.99881
-0.264019
-0.0909589
0.530005
0.819991
-0.724578
-0.871583
0.980275
0.932476
-0.884911
-0.984617
-0.873972
0.9164
0.738126
0.334934
-0.967538
0.449855
-0.640297
0.802472
0.997559
0.321482
0.651482
0.16957
-7.01773e-05
-0.840854
-0.966806
-0.984179
-0.047508
0.376852
0.74624
0.466453
0.122826
-0.730069
0.590669
0.992261
0.222875
0.635842
-0.195175
0.219505
-0.409211
0.760614
0.993347
0.67278
0.617963
-0.843796
-0.635824
-0.886106
-0.785109
0.998077
0.997977
0.497031
-0.90127
0.745672
0.114727
-0.932647
0.70604
0.638621
-0.25283
-0.0886088
0.210215
-0.865491
0.0528265
0.826269
-0.984252
-0.106261
-0.836923
0.0779141
0.856946
-0.0893696
-0.691884
0.884219
0.998602
0.564841
-0.388693
0.992415
-0.945763
-0.999216
0.909892
-0.885018
-0.824602
-0.85491
-0.388633
0.866462
0.0797508
-0.706338
0.558743
0.902808
0.588637
0.478654
0.970197
0.984556
0.476561
-0.387932
0.671397
0.294377
-0.586034
0.805808
0.21282
-0.391793
-0.0218469
-0.450061
-0.553903
-0.322146
0.554378
0.351114
-0.838791
0.867876
0.552911
-0.190554
-0.683763
0.394029
0.998737
0.936193
0.60252
0.364814
-0.251333
0.928912
0.576924
-0.894447
0.821321
0.677124
-0.770935
0.451314
-0.394566
0.557145
-0.981651
-0.654334
0.605968
-0.882677
0.989492
-0.370282
-0.834459
0.77671
-0.398497
0.455182
0.381713
-0.954875
0.166658
-0.194206
-0.109527
-0.5468
0.162829
-0.959235
0.744882
-0.745369
0.120828
-0.804388
-0.18813
-0.0521473
0.833781
-0.435516
-0.208431
0.963434
-0.218441
-0.972075
0.154286
-0.834898
0.772229
0.473107
-0.258386
-0.11368
-0.847067
-0.828364
0.387959
0.970681
-0.96748
-0.142676
0.207787
0.975808
0.420284
-0.136076
-0.90649
-0.0954181
0.966199
-0.159095
0.801016
-0.989611
0.176202
0.102737
0.501368
-0.911158
-0.561453
0.0815687
0.999724
0.843503
0.868733
-0.11428
0.399216
0.468072
0.99789
-0.205021
-0.0362196
-0.191421
-0.998157
0.773748
-0.722557
0.358012
-0.904874
0.546297
-0.916594
-0.0265678
0.474621
-0.468214
-0.680356
0.0610504
-0.845889
-0.384984
-0.0956581
-0.178849
0.954663
0.665234
0.40015
0.697225
0.796739
-0.997886
0.0898571
-0.465788
0.877075
-0.467392
-0.67407
-0.0490922
0.188436
0.0929188
-0.486468
0.94205
0.3584
-0.111917
0.449638
-0.413906
0.257079
0.812685
-0.493642
-0.452267
-0.373128
0.993349
-0.141654
0.0897451
-0.604906
0.407071
-0.381648
0.996836
0.776135
0.623046
-0.83197
0.214918
0.699387
-0.094495
0.887634
-0.976818
-0.983392
-0.519053
-0.664458
-0.823319
0.0332178
0.410716
0.36359
0.671615
-0.0710401
0.54184
0.315976
-0.530819
0.989528
0.638426
0.783219
-0.234138
0.497757
0.57722
0.0825087
0.936666
-0.863489
0.984901
0.898722
-0.62847
-0.947034
0.232023
0.856068
-0.929169
0.182457
0.830926
0.897948
-0.119366
0.0894737
-0.847778
0.914926
-0.153925
0.999981
0.239867
-0.209384
-0.12103
-0.214594
-0.0702298
-0.165298
0.822315
0.563094
0.614331
0.251442
0.519541
-0.409358
0.818014
0.539529
0.971743
0.529555
0.995334
-0.48619
-0.591937
-0.630448
0.90981
0.782098
0.329442
0.162191
-0.529855
-0.466036
0.830759
0.602209
0.209389
-0.74354
0.260974
0.133016
0.259207
0.994312
-0.0353492
0.498935
-0.0666831
-0.590417
-0.35185
0.816504
-0.885852
-0.245989
0.384758
-0.287397
0.850548
-0.891708
-0.806069
-0.278755
-0.822146
0.851277
0.0720119
-0.415457
-0.0328707
0.0605821
0.825607
0.126423
-0.461601
0.888557
-0.998815
0.224137
-0.763318
-0.975624
0.807768
0.118298
0.341982
0.272159
0.657138
-0.304448
-0.0828756
-0.234166
-0.183715
-0.155052
0.767402
-0.250206
0.518536
-0.978657
0.883951
-0.258873
-0.846099
0.495969
0.996449
-0.774511
-0.856237
-0.0345316
0.277176
-0.280812
-0.43232
-0.966824
0.176802
0.459827
-0.944143
-0.9251
-0.416701
-0.851187
-0.21589
0.327249
0.337498
0.0955738
0.999714
0.230935
0.26742
0.696799
-0.824025
-0.990769
-0.903839
0.941291
-0.634027
0.842431
0.225029
0.0210078
-0.972689
0.287598
0.60283
0.85478
0.161817
-0.998282
-0.886105
0.206049
-0.936702
0.997558
0.587216
-0.78048
0.576867
0.8614
0.368021
0.680839
0.641719
-0.98153
0.644758
-0.967624
-0.254768
-0.659927
-0.15823
-0.537974
-0.699671
-0.999971
-0.496011
-0.172845
-0.0491463
-0.209388
-0.991276
-0.960466
-0.708009
0.128523
-0.946479
-0.292294
0.207795
0.1704
0.945622
-0.735148
0.834607
-0.179375
0.989489
0.183421
-0.636547
0.567672
0.261092
0.874052
0.104566
0.753568
-0.844703
0.866153
0.379992
-0.971127
0.394232
0.534569
-0.463113
0.485323
-0.410163
-0.349133
-0.988038
0.0338683
-0.542472
0.396134
0.930874
-0.463857
0.168267
0.655174
0.42474
-0.485034
-0.14504
0.176724
-0.209895
0.526068
-0.599308
0.697661
-0.361355
-0.851707
0.134863
0.971858
0.482968
-0.938834
0.999755
-0.693957
0.530876
-0.232353
-0.0716736
0.172238
0.232366
-0.905448
-0.779819
0.69553
-0.999969
0.517063
-0.529797
-0.7181
-0.522642
0.170674
0.488029
-0.898425
0.991253
-0.154202
0.961587
-0.564537
-0.17747
-0.299337
-0.12866
-0.908428
0.324554
-0.997356
-0.438137
0.714643
-0.964655
0.224796
0.849733
0.994161
0.483381
0.6702
0.812704
-0.506136
0.113566
0.0134864
-0.0606507
0.527584
0.822
0.215762
0.569772
-0.919093
-0.4771
0.0156575
-0.999805
-0.030545
0.226215
0.501425
0.571645
0.807723
-0.159568
0.328465
0.213794
0.724785
0.0407367
-0.421255
0.997831
-0.573734
0.467429
0.54394
0.269661
0.482638
0.597978
0.892216
-0.326393
-0.995056
-0.999994
0.84239
-0.930073
-0.687882
0.992198
0.375188
-0.999762
-0.135158
0.95047
-0.970918
0.89211
-0.465409
-0.950976
0.737595
-0.483749
-0.714603
0.826247
0.037474
0.129427
0.978916
0.417092
0.998444
-0.0327592
0.789483
0.840771
0.540759
0.404299
-0.892404
0.174663
-0.66805
0.994294
0.13574
0.362298
0.392153
0.523194
0.018476
0.928237
-0.464172
0.707746
-0.134831
-0.441621
-0.982046
-0.124358
0.379568
0.294748
-0.324296
-0.121976
-0.179956
-0.511193
0.143985
-0.672476
-0.721305
-0.836265
0.369564
0.99799
0.993903
0.999406
0.117112
0.520906
0.0249264
0.246419
0.630261
0.296217
-0.422295
-0.922108
-0.61776
-0.0489205
0.887677
0.231514
-0.849051
-0.598456
0.801174
-0.998766
-0.341991
-0.699244
-0.171883
0.309074
0.169224
-0.517215
0.930436
0.333895
0.306551
0.904961
0.472117
-0.801219
0.477971
-0.0848857
0.896938
0.786674
-0.849678
0.746911
-0.671529
0.318664
0.80787
0.220695
-0.971954
0.0888539
-0.380641
0.729701
0.643529
-0.989576
0.0743635
0.182849
-0.302885
-0.73986
0.330476
-0.986592
0.767128
0.729001
0.971358
0.334368
0.124403
-0.997797
-0.777103
-0.925193
0.998979
-0.569844
0.0659131
0.991927
0.053755
0.0491944
-0.832035
-0.452745
0.726693
-0.708776
0.371777
-0.891702
-0.999938
0.208203
0.693695
-0.996524
-0.909277
0.428853
-0.267195
-0.864915
0.955322
0.0852607
-0.901271
-0.507608
0.463376
-0.51983
-0.93209
-0.981717
-0.231227
-0.449706
-0.944225
0.802768
-0.882547
0.777689
-0.988961
-0.979526
0.407019
0.214829
-0.832968
0.27626
0.471885
0.649074
-0.963092
-0.680971
0.420505
-0.132534
0.128342
0.601242
0.945633
-0.344424
-0.846913
0.0627009
-0.800119
-0.740056
0.087354
0.596451
-0.367598
0.625889
-0.0949008
0.397206
-0.629974
-0.492437
-0.581094
-0.991399
-0.793467
-0.485871
0.626655
0.59573
0.922853
-0.929383
-0.983553
0.355959
-0.524096
-0.445038
-0.276583
-0.0156611
-0.650865
-0.264979
-0.674149
0.0470538
-0.412867
0.166619
0.833243
0.874818
-0.937608
-0.238046
-0.995947
-0.820551
-0.581006
-0.197835
-0.625879
-0.475279
-0.997994
-0.261357
0.997226
-0.44869
0.850733
0.78824
-0.949511
-0.51747
-0.469145
0.8316
-0.978589
0.964696
0.531322
-0.463033
-0.0586784
0.63958
-0.234614
-0.283417
-0.00687092
-0.158069
-0.369598
-0.99328
-0.801779
0.987654
-0.636595
0.197535
0.363437
0.251809
-0.961333
-0.768085
-0.788698
-0.633206
0.939466
-0.980546
0.762366
0.987138
-0.0866223
0.252813
0.777846
0.177802
-0.15325
-0.605804
-0.649457
0.369518
-0.391814
-0.129028
0.57047
0.290084
-0.99998
-0.984963
-0.965841
-0.414092
-0.28751
-0.985784
-0.349719
-0.0749045
-0.643342
-0.230379
-0.898504
0.193844
0.916465
-0.674568
0.0487664
-0.730742
0.654069
0.825336
0.272192
0.471168
-0.195298
-0.164157
-0.965283
-0.995849
-0.541276
-0.890191
0.354173
0.689474
0.164257
-0.025888
0.971134
0.256829
-0.766084
-0.971602
0.292725
-0.416726
0.275372
-0.970739
-0.193056
0.182354
0.653878
0.333328
-0.638138
-0.915298
0.747211
0.798003
0.553701
0.12913
0.0749019
-0.745975
-0.257901
0.753351
0.260823
0.236807
0.40427
0.0781946
-0.905159
-0.380937
0.532946
-0.241782
-0.346318
0.974394
0.944165
-0.998886
-0.711879
-0.318898
0.105728
-0.346406
0.988043
0.195263
0.979694
0.182011
0.0393962
-0.560882
0.999933
0.868893
0.46917
-0.319318
0.737302
0.558923
-0.865832
-0.983356
0.406463
0.05807
0.423854
0.0852854
-0.248818
-0.702457
-0.999949
0.235802
0.462154
-0.740221
-0.391048
0.990286
0.999395
0.829407
-0.839918
0.822745
0.970134
0.652121
0.992539
0.0198963
-0.183913
0.893499
-0.767324
0.920817
-0.744138
0.596998
-0.584951
0.243551
0.999037
-0.372721
-0.786544
0.740433
-0.791197
-0.729894
0.999972
0.801357
0.533981
0.346657
-0.559775
-0.858181
-0.773067
-0.254135
0.990464
0.140535
-0.467461
0.125671
-0.951397
0.933921
-0.453194
0.590419
-0.764363
-0.632389
0.866899
-0.823399
0.18979
0.343563
0.440537
0.238223
-0.407966
-0.929605
0.993735
-0.780108
-0.253503
0.812703
-0.413382
0.892288
-0.93767
-0.995894
-0.711797
-0.571446
-0.635723
-0.441961
-0.960065
-0.721919
-0.999979
-0.0179613
0.673822
-0.95154
-0.197614
-0.890037
0.745304
0.0275319
-0.723435
0.764517
0.0816999
-0.466169
0.284676
0.313958
-0.92693
0.640798
-0.772734
-0.302509
0.159451
0.995937
0.136677
0.31742
0.0982018
-0.102629
0.182416
0.894832
0.75216
0.722565
0.998238
0.0818493
0.437298
0.901738
0.0588613
-0.998503
-0.61608
0.964536
-0.2647
-0.865486
-0.587182
-0.489981
-0.271223
0.59313
0.859409
0.886292
0.985734
0.689574
0.926803
0.604993
0.426827
0.718967
-0.143752
-0.974296
0.652023
-0.957448
-0.769988
0.972465
0.650287
-0.357896
0.176975
0.83222
-0.467323
0.97017
0.596703
-0.906916
-0.253114
0.622163
0.675407
0.488394
-0.0703066
-0.988862
0.261403
-0.317974
0.187852
-0.037744
-0.997291
-0.985045
0.996866
-0.525475
-0.293509
0.200509
0.240811
0.411665
-0.944303
0.03493
-0.791804
-0.945829
-0.90463
-0.0184823
0.380688
0.910957
0.398094
0.094253
-0.848648
0.366565
0.997764
-0.972071
0.920127
-0.789235
-0.904929
-0.943067
-0.0275641
0.048935
-0.27837
-0.184111
0.942146
0.961911
0.7674
-0.619248
-0.860723
0.886369
0.0610837
0.763916
-0.222941
0.960999
0.0408274
0.233152
0.415538
-0.159181
0.801373
0.168584
-0.588309
0.963505
-0.388833
-0.999709
-0.678743
0.63037
-0.958739
0.794867
0.940167
-0.845622
0.776915
-0.95099
0.159624
-0.73518
0.0024234
0.952369
0.754765
-0.863974
-0.38372
-0.159485
0.988223
-0.851895
0.959775
0.702698
0.242877
0.0679657
-0.997497
-0.616518
