1.400000000000000133e-01 8.000000000000000167e-02 5.000000000000000278e-02 4.000000000000000083e-02 2.999999999999999889e-02 2.000000000000000042e-02 2.000000000000000042e-02 2.000000000000000042e-02 2.000000000000000042e-02 2.000000000000000042e-02 2.000000000000000042e-02 2.000000000000000042e-02 2.000000000000000042e-02 2.000000000000000042e-02 2.000000000000000042e-02 2.000000000000000042e-02
3.699999999999999956e-01 1.900000000000000022e-01 1.300000000000000044e-01 8.999999999999999667e-02 8.999999999999999667e-02 5.999999999999999778e-02 5.999999999999999778e-02 5.000000000000000278e-02 5.999999999999999778e-02 5.000000000000000278e-02 5.000000000000000278e-02 5.000000000000000278e-02 4.000000000000000083e-02 4.000000000000000083e-02 4.000000000000000083e-02 2.999999999999999889e-02
6.500000000000000222e-01 3.300000000000000155e-01 2.300000000000000100e-01 1.700000000000000122e-01 1.300000000000000044e-01 1.100000000000000006e-01 1.000000000000000056e-01 8.000000000000000167e-02 1.000000000000000056e-01 8.999999999999999667e-02 8.000000000000000167e-02 8.000000000000000167e-02 7.000000000000000666e-02 7.000000000000000666e-02 7.000000000000000666e-02 8.000000000000000167e-02
1.179999999999999938e+00 5.899999999999999689e-01 4.000000000000000222e-01 2.999999999999999889e-01 2.399999999999999911e-01 2.000000000000000111e-01 1.700000000000000122e-01 1.499999999999999944e-01 1.700000000000000122e-01 1.499999999999999944e-01 1.400000000000000133e-01 1.300000000000000044e-01 1.199999999999999956e-01 1.199999999999999956e-01 1.100000000000000006e-01 1.000000000000000056e-01
1.760000000000000009e+00 8.800000000000000044e-01 5.899999999999999689e-01 4.400000000000000022e-01 3.599999999999999867e-01 2.999999999999999889e-01 2.600000000000000089e-01 2.200000000000000011e-01 2.500000000000000000e-01 2.300000000000000100e-01 2.099999999999999922e-01 1.900000000000000022e-01 1.799999999999999933e-01 1.700000000000000122e-01 1.600000000000000033e-01 1.499999999999999944e-01
2.229999999999999982e+00 1.120000000000000107e+00 7.500000000000000000e-01 5.600000000000000533e-01 4.500000000000000111e-01 3.800000000000000044e-01 3.300000000000000155e-01 2.899999999999999800e-01 3.900000000000000133e-01 2.999999999999999889e-01 2.700000000000000178e-01 2.500000000000000000e-01 2.399999999999999911e-01 2.300000000000000100e-01 2.099999999999999922e-01 2.000000000000000111e-01
3.250000000000000000e+00 1.629999999999999893e+00 1.100000000000000089e+00 8.199999999999999512e-01 6.600000000000000311e-01 5.500000000000000444e-01 4.799999999999999822e-01 4.099999999999999756e-01 4.500000000000000111e-01 4.099999999999999756e-01 3.900000000000000133e-01 3.499999999999999778e-01 3.400000000000000244e-01 3.200000000000000067e-01 2.999999999999999889e-01 2.800000000000000266e-01
4.160000000000000142e+00 2.080000000000000071e+00 1.419999999999999929e+00 1.050000000000000044e+00 8.399999999999999689e-01 7.099999999999999645e-01 6.099999999999999867e-01 5.300000000000000266e-01 5.699999999999999512e-01 5.300000000000000266e-01 4.899999999999999911e-01 4.500000000000000111e-01 4.299999999999999933e-01 4.099999999999999756e-01 3.800000000000000044e-01 3.699999999999999956e-01
5.179999999999999716e+00 2.589999999999999858e+00 1.760000000000000009e+00 1.320000000000000062e+00 1.050000000000000044e+00 8.800000000000000044e-01 7.600000000000000089e-01 6.600000000000000311e-01 7.099999999999999645e-01 6.400000000000000133e-01 6.099999999999999867e-01 5.699999999999999512e-01 5.300000000000000266e-01 5.000000000000000000e-01 4.799999999999999822e-01 4.400000000000000022e-01
6.320000000000000284e+00 3.160000000000000142e+00 2.149999999999999911e+00 1.600000000000000089e+00 1.280000000000000027e+00 1.080000000000000071e+00 9.300000000000000488e-01 8.000000000000000444e-01 8.599999999999999867e-01 7.600000000000000089e-01 7.099999999999999645e-01 6.899999999999999467e-01 6.400000000000000133e-01 6.099999999999999867e-01 5.799999999999999600e-01 5.400000000000000355e-01
7.559999999999999609e+00 3.779999999999999805e+00 2.589999999999999858e+00 1.919999999999999929e+00 1.540000000000000036e+00 1.290000000000000036e+00 1.110000000000000098e+00 9.599999999999999645e-01 9.499999999999999556e-01 9.599999999999999645e-01 9.000000000000000222e-01 8.299999999999999600e-01 7.600000000000000089e-01 7.399999999999999911e-01 6.899999999999999467e-01 6.400000000000000133e-01
8.109999999999999432e+00 4.059999999999999609e+00 2.759999999999999787e+00 2.060000000000000053e+00 1.649999999999999911e+00 1.379999999999999893e+00 1.199999999999999956e+00 1.030000000000000027e+00 1.120000000000000107e+00 9.899999999999999911e-01 9.300000000000000488e-01 9.200000000000000400e-01 8.499999999999999778e-01 8.000000000000000444e-01 7.600000000000000089e-01 7.199999999999999734e-01
1.036999999999999922e+01 5.200000000000000178e+00 3.529999999999999805e+00 2.640000000000000124e+00 2.109999999999999876e+00 1.770000000000000018e+00 1.540000000000000036e+00 1.320000000000000062e+00 1.300000000000000044e+00 1.320000000000000062e+00 1.229999999999999982e+00 1.139999999999999902e+00 1.050000000000000044e+00 1.000000000000000000e+00 9.399999999999999467e-01 8.900000000000000133e-01
1.193999999999999950e+01 5.980000000000000426e+00 4.070000000000000284e+00 3.040000000000000036e+00 2.430000000000000160e+00 2.040000000000000036e+00 1.780000000000000027e+00 1.520000000000000018e+00 1.590000000000000080e+00 1.419999999999999929e+00 1.429999999999999938e+00 1.330000000000000071e+00 1.229999999999999982e+00 1.149999999999999911e+00 1.090000000000000080e+00 1.010000000000000009e+00
1.361999999999999922e+01 6.809999999999999609e+00 4.650000000000000355e+00 3.470000000000000195e+00 2.779999999999999805e+00 2.330000000000000071e+00 2.020000000000000018e+00 1.739999999999999991e+00 1.810000000000000053e+00 1.610000000000000098e+00 1.629999999999999893e+00 1.510000000000000009e+00 1.399999999999999911e+00 1.320000000000000062e+00 1.239999999999999991e+00 1.159999999999999920e+00
1.540000000000000036e+01 7.700000000000000178e+00 5.259999999999999787e+00 3.930000000000000160e+00 3.149999999999999911e+00 2.649999999999999911e+00 2.279999999999999805e+00 1.969999999999999973e+00 1.939999999999999947e+00 1.830000000000000071e+00 1.719999999999999973e+00 1.709999999999999964e+00 1.590000000000000080e+00 1.500000000000000000e+00 1.399999999999999911e+00 1.310000000000000053e+00
1.728999999999999915e+01 8.650000000000000355e+00 5.919999999999999929e+00 4.419999999999999929e+00 3.540000000000000036e+00 2.959999999999999964e+00 2.569999999999999840e+00 2.209999999999999964e+00 2.169999999999999929e+00 2.040000000000000036e+00 2.040000000000000036e+00 1.919999999999999929e+00 1.760000000000000009e+00 1.679999999999999938e+00 1.570000000000000062e+00 1.469999999999999973e+00
1.928999999999999915e+01 9.650000000000000355e+00 6.610000000000000320e+00 4.950000000000000178e+00 3.950000000000000178e+00 3.310000000000000053e+00 2.859999999999999876e+00 2.470000000000000195e+00 2.419999999999999929e+00 2.359999999999999876e+00 2.299999999999999822e+00 2.129999999999999893e+00 1.969999999999999973e+00 1.879999999999999893e+00 1.760000000000000009e+00 1.639999999999999902e+00
2.137000000000000099e+01 1.069999999999999929e+01 7.330000000000000071e+00 5.480000000000000426e+00 4.389999999999999680e+00 3.669999999999999929e+00 3.180000000000000160e+00 2.740000000000000213e+00 2.819999999999999840e+00 2.729999999999999982e+00 2.529999999999999805e+00 2.370000000000000107e+00 2.189999999999999947e+00 2.069999999999999840e+00 1.939999999999999947e+00 1.820000000000000062e+00
2.357999999999999829e+01 1.180000000000000071e+01 8.099999999999999645e+00 6.049999999999999822e+00 4.839999999999999858e+00 4.049999999999999822e+00 3.509999999999999787e+00 3.029999999999999805e+00 3.040000000000000036e+00 3.020000000000000018e+00 2.770000000000000018e+00 2.600000000000000089e+00 2.410000000000000142e+00 2.279999999999999805e+00 2.149999999999999911e+00 2.009999999999999787e+00
2.587999999999999901e+01 1.294999999999999929e+01 8.900000000000000355e+00 6.650000000000000355e+00 5.320000000000000284e+00 4.450000000000000178e+00 3.859999999999999876e+00 3.330000000000000071e+00 3.299999999999999822e+00 3.270000000000000018e+00 3.080000000000000071e+00 2.899999999999999911e+00 2.649999999999999911e+00 2.500000000000000000e+00 2.350000000000000089e+00 2.200000000000000178e+00
2.828000000000000114e+01 1.415000000000000036e+01 9.740000000000000213e+00 7.269999999999999574e+00 5.820000000000000284e+00 4.870000000000000107e+00 4.219999999999999751e+00 3.640000000000000124e+00 3.500000000000000000e+00 3.600000000000000089e+00 3.379999999999999893e+00 3.129999999999999893e+00 2.919999999999999929e+00 2.740000000000000213e+00 2.580000000000000071e+00 2.410000000000000142e+00
3.078000000000000114e+01 1.541000000000000014e+01 1.061999999999999922e+01 7.919999999999999929e+00 6.339999999999999858e+00 5.309999999999999609e+00 4.610000000000000320e+00 3.959999999999999964e+00 3.890000000000000124e+00 3.899999999999999911e+00 3.689999999999999947e+00 3.430000000000000160e+00 3.149999999999999911e+00 3.009999999999999787e+00 2.810000000000000053e+00 2.629999999999999893e+00
3.035999999999999943e+01 1.519999999999999929e+01 1.048000000000000043e+01 7.820000000000000284e+00 6.280000000000000249e+00 5.259999999999999787e+00 4.540000000000000036e+00 3.919999999999999929e+00 3.859999999999999876e+00 3.979999999999999982e+00 3.700000000000000178e+00 3.470000000000000195e+00 3.209999999999999964e+00 3.040000000000000036e+00 2.870000000000000107e+00 2.680000000000000160e+00
3.610000000000000142e+01 1.805999999999999872e+01 1.247000000000000064e+01 9.310000000000000497e+00 7.450000000000000178e+00 6.240000000000000213e+00 5.400000000000000355e+00 4.660000000000000142e+00 4.639999999999999680e+00 4.580000000000000071e+00 4.299999999999999822e+00 4.019999999999999574e+00 3.720000000000000195e+00 3.509999999999999787e+00 3.310000000000000053e+00 3.080000000000000071e+00
3.889999999999999858e+01 1.946999999999999886e+01 1.346000000000000085e+01 1.005000000000000071e+01 8.039999999999999147e+00 6.730000000000000426e+00 5.830000000000000071e+00 5.030000000000000249e+00 4.769999999999999574e+00 4.929999999999999716e+00 4.589999999999999858e+00 4.339999999999999858e+00 4.009999999999999787e+00 3.770000000000000018e+00 3.549999999999999822e+00 3.319999999999999840e+00
4.181000000000000227e+01 2.092000000000000171e+01 1.448000000000000043e+01 1.081000000000000050e+01 8.650000000000000355e+00 7.250000000000000000e+00 6.280000000000000249e+00 5.410000000000000142e+00 5.219999999999999751e+00 5.290000000000000036e+00 5.019999999999999574e+00 4.669999999999999929e+00 4.280000000000000249e+00 4.070000000000000284e+00 3.830000000000000071e+00 3.589999999999999858e+00
4.506000000000000227e+01 2.255999999999999872e+01 1.564000000000000057e+01 1.166999999999999993e+01 9.339999999999999858e+00 7.820000000000000284e+00 6.769999999999999574e+00 5.839999999999999858e+00 5.730000000000000426e+00 5.700000000000000178e+00 5.379999999999999893e+00 5.019999999999999574e+00 4.599999999999999645e+00 4.349999999999999645e+00 4.129999999999999893e+00 3.859999999999999876e+00
4.872999999999999687e+01 2.439000000000000057e+01 1.694999999999999929e+01 1.264000000000000057e+01 1.010999999999999943e+01 8.480000000000000426e+00 7.330000000000000071e+00 6.320000000000000284e+00 6.320000000000000284e+00 6.160000000000000142e+00 5.839999999999999858e+00 5.440000000000000391e+00 5.000000000000000000e+00 4.730000000000000426e+00 4.469999999999999751e+00 4.160000000000000142e+00
5.289000000000000057e+01 2.646000000000000085e+01 1.841000000000000014e+01 1.374000000000000021e+01 1.100000000000000000e+01 9.210000000000000853e+00 7.980000000000000426e+00 6.870000000000000107e+00 6.530000000000000249e+00 6.719999999999999751e+00 6.269999999999999574e+00 5.870000000000000107e+00 5.349999999999999645e+00 5.139999999999999680e+00 4.830000000000000071e+00 4.500000000000000000e+00
5.750999999999999801e+01 2.876999999999999957e+01 2.005999999999999872e+01 1.498000000000000043e+01 1.198000000000000043e+01 1.005000000000000071e+01 8.699999999999999289e+00 7.500000000000000000e+00 7.370000000000000107e+00 7.269999999999999574e+00 6.849999999999999645e+00 6.370000000000000107e+00 5.860000000000000320e+00 5.559999999999999609e+00 5.240000000000000213e+00 4.910000000000000142e+00
6.263000000000000256e+01 3.133999999999999986e+01 2.189999999999999858e+01 1.635000000000000142e+01 1.308000000000000007e+01 1.096000000000000085e+01 9.490000000000000213e+00 8.179999999999999716e+00 7.959999999999999964e+00 7.809999999999999609e+00 7.290000000000000036e+00 6.910000000000000142e+00 6.379999999999999893e+00 6.030000000000000249e+00 5.690000000000000391e+00 5.299999999999999822e+00
6.828000000000000114e+01 3.414000000000000057e+01 2.392999999999999972e+01 1.785999999999999943e+01 1.430000000000000071e+01 1.198000000000000043e+01 1.040000000000000036e+01 8.949999999999999289e+00 8.650000000000000355e+00 8.529999999999999361e+00 8.080000000000000071e+00 7.540000000000000036e+00 6.900000000000000355e+00 6.570000000000000284e+00 6.190000000000000391e+00 5.759999999999999787e+00
7.457999999999999829e+01 3.729999999999999716e+01 2.621000000000000085e+01 1.957000000000000028e+01 1.566000000000000014e+01 1.311999999999999922e+01 1.135999999999999943e+01 9.800000000000000711e+00 9.460000000000000853e+00 9.349999999999999645e+00 8.810000000000000497e+00 8.230000000000000426e+00 7.570000000000000284e+00 7.160000000000000142e+00 6.740000000000000213e+00 6.280000000000000249e+00
8.110999999999999943e+01 4.057000000000000028e+01 2.857000000000000028e+01 2.132999999999999829e+01 1.707000000000000028e+01 1.430000000000000071e+01 1.239000000000000057e+01 1.067999999999999972e+01 1.033999999999999986e+01 1.002999999999999936e+01 9.300000000000000711e+00 8.919999999999999929e+00 8.210000000000000853e+00 7.750000000000000000e+00 7.320000000000000284e+00 6.799999999999999822e+00
8.779999999999999716e+01 4.390999999999999659e+01 3.098999999999999844e+01 2.314000000000000057e+01 1.851999999999999957e+01 1.551999999999999957e+01 1.346000000000000085e+01 1.158999999999999986e+01 1.191999999999999993e+01 1.083999999999999986e+01 1.005000000000000071e+01 9.650000000000000355e+00 8.849999999999999645e+00 8.339999999999999858e+00 7.910000000000000142e+00 7.370000000000000107e+00
9.478000000000000114e+01 4.742000000000000171e+01 3.353000000000000114e+01 2.503000000000000114e+01 2.003999999999999915e+01 1.678999999999999915e+01 1.453999999999999915e+01 1.252999999999999936e+01 1.214000000000000057e+01 1.163000000000000078e+01 1.107000000000000028e+01 1.040000000000000036e+01 9.589999999999999858e+00 9.089999999999999858e+00 8.480000000000000426e+00 7.929999999999999716e+00
1.015199999999999960e+02 5.078999999999999915e+01 3.597999999999999687e+01 2.685999999999999943e+01 2.151000000000000156e+01 1.801999999999999957e+01 1.560999999999999943e+01 1.344999999999999929e+01 1.296000000000000085e+01 1.243999999999999950e+01 1.181000000000000050e+01 1.116999999999999993e+01 1.022000000000000064e+01 9.640000000000000568e+00 9.099999999999999645e+00 8.470000000000000639e+00
1.081599999999999966e+02 5.410999999999999943e+01 3.839000000000000057e+01 2.867000000000000171e+01 2.296000000000000085e+01 1.923000000000000043e+01 1.666000000000000014e+01 1.435999999999999943e+01 1.411999999999999922e+01 1.344999999999999929e+01 1.223000000000000043e+01 1.180000000000000071e+01 1.092999999999999972e+01 1.027999999999999936e+01 9.699999999999999289e+00 9.039999999999999147e+00
1.161599999999999966e+02 5.814000000000000057e+01 4.132000000000000028e+01 3.085999999999999943e+01 2.471000000000000085e+01 2.069999999999999929e+01 1.792999999999999972e+01 1.546000000000000085e+01 1.573000000000000043e+01 1.406000000000000050e+01 1.321000000000000085e+01 1.282000000000000028e+01 1.169999999999999929e+01 1.101999999999999957e+01 1.040000000000000036e+01 9.689999999999999503e+00
1.249899999999999949e+02 6.252000000000000313e+01 4.453000000000000114e+01 3.327000000000000313e+01 2.664000000000000057e+01 2.233999999999999986e+01 1.933999999999999986e+01 1.666000000000000014e+01 1.610999999999999943e+01 1.532000000000000028e+01 1.440000000000000036e+01 1.371000000000000085e+01 1.256000000000000050e+01 1.191999999999999993e+01 1.108999999999999986e+01 1.038000000000000078e+01
